class 177 1 187 13
class 94 6 104 18
class 44 7 54 19
class 1 8 11 20
class 19 12 29 24
class 155 15 165 27
class 184 15 194 27
class 51 16 61 28
class 168 20 178 32
class 55 22 65 34
class 93 23 103 35
class 72 31 82 43
class 4 33 14 45
class 166 46 176 58
class -4 47 6 59
class 79 47 89 59
class 47 53 57 65
class 69 54 79 66
class 191 55 201 67
class 147 86 157 98
class 79 88 89 100
class 35 90 45 102
class 125 90 135 102
class 171 92 181 104
class 128 99 138 111
class 180 106 190 118
class 43 107 53 119
class 82 107 92 119
class 177 111 187 123
class 186 114 196 126
class 102 115 112 127
class 147 119 157 131
class 27 121 37 133
class 118 122 128 134
class 152 149 162 161
class 169 149 179 161
class 70 151 80 163
class 141 170 151 182
class 6 176 16 188
class 162 187 172 199
