class 176 -6 186 6
class 24 -4 34 8
class 41 4 51 16
class 98 7 108 19
class 112 20 122 32
class 168 25 178 37
class 60 27 70 39
class 81 43 91 55
class 96 44 106 56
class 162 45 172 57
class 18 46 28 58
class 91 47 101 59
class 33 56 43 68
class 48 63 58 75
class 132 66 142 78
class 172 70 182 82
class 156 71 166 83
class 182 76 192 88
class 166 78 176 90
class 82 84 92 96
class 186 85 196 97
class 4 87 14 99
class 19 105 29 117
class 184 112 194 124
class 135 114 145 126
class 189 118 199 130
class 180 130 190 142
class 18 133 28 145
class 138 142 148 154
class 178 145 188 157
class 57 153 67 165
class 67 155 77 167
class 144 159 154 171
class 24 161 34 173
class 76 163 86 175
class 58 170 68 182
class 156 176 166 188
class 85 177 95 189
class 56 181 66 193
class 109 188 119 200
