class 119 3 129 15
class 127 4 137 16
class 136 4 146 16
class 152 5 162 17
class 156 8 166 20
class 152 10 162 22
class -1 16 9 28
class 9 36 19 48
class 151 48 161 60
class 66 55 76 67
class 181 63 191 75
class 86 64 96 76
class 72 68 82 80
class 146 76 156 88
class 113 80 123 92
class 53 86 63 98
class 46 90 56 102
class 53 92 63 104
class 159 95 169 107
class 169 96 179 108
class 145 106 155 118
class 79 116 89 128
class 94 116 104 128
class 138 119 148 131
class 69 123 79 135
class 0 130 10 142
class 115 131 125 143
class 184 140 194 152
class 52 150 62 162
class 14 152 24 164
class 28 152 38 164
class 60 162 70 174
class 5 166 15 178
class 70 172 80 184
class 120 180 130 192
class 178 180 188 192
class 174 183 184 195
class 111 184 121 196
class 25 185 35 197
class 70 190 80 202
