class 126 -5 136 7
class 194 -3 204 9
class 22 0 32 12
class 124 0 134 12
class 46 6 56 18
class 63 9 73 21
class 183 25 193 37
class 118 30 128 42
class 150 35 160 47
class 93 38 103 50
class 100 41 110 53
class 168 45 178 57
class 58 53 68 65
class 46 54 56 66
class 177 66 187 78
class 75 74 85 86
class 114 76 124 88
class 0 77 10 89
class 151 79 161 91
class 142 86 152 98
class 171 86 181 98
class 103 95 113 107
class 63 124 73 136
class 103 125 113 137
class 92 136 102 148
class 35 138 45 150
class 87 141 97 153
class 157 141 167 153
class 61 144 71 156
class 177 144 187 156
class 25 147 35 159
class 43 153 53 165
class 71 159 81 171
class 99 159 109 171
class 10 160 20 172
class 25 171 35 183
class 25 173 35 185
class 174 177 184 189
class 193 177 203 189
class 117 181 127 193
