class 24 25 34 37
class 50 28 60 40
class 102 34 112 46
class 31 42 41 54
class 50 50 60 62
class 77 50 87 62
class 64 68 74 80
class 98 73 108 85
class 193 76 203 88
class 15 84 25 96
class 15 93 25 105
class 108 93 118 105
class 147 93 157 105
class 87 96 97 108
class 30 97 40 109
class 82 97 92 109
class 152 97 162 109
class 176 99 186 111
class 57 103 67 115
class 96 109 106 121
class 64 111 74 123
class 156 111 166 123
class 173 113 183 125
class 90 124 100 136
class 9 126 19 138
class 110 136 120 148
class 164 145 174 157
class 65 149 75 161
class 147 149 157 161
class 7 150 17 162
class 90 154 100 166
class 176 156 186 168
class 155 170 165 182
class 130 172 140 184
class 15 176 25 188
class 138 180 148 192
class 29 188 39 200
class 70 190 80 202
class 78 190 88 202
class 22 192 32 204
