class 111 2 121 14
class -5 3 5 15
class 72 9 82 21
class 182 13 192 25
class 51 27 61 39
class 119 39 129 51
class 126 40 136 52
class 128 40 138 52
class 93 41 103 53
class 30 42 40 54
class 62 49 72 61
class 50 50 60 62
class -1 63 9 75
class 175 63 185 75
class 82 66 92 78
class 22 67 32 79
class 170 73 180 85
class 54 76 64 88
class 73 77 83 89
class 72 81 82 93
class 91 85 101 97
class 190 87 200 99
class 170 97 180 109
class 158 102 168 114
class 182 105 192 117
class 155 108 165 120
class 153 120 163 132
class 113 123 123 135
class 3 127 13 139
class 102 131 112 143
class -3 132 7 144
class 16 136 26 148
class 18 139 28 151
class 11 151 21 163
class 86 155 96 167
class 13 160 23 172
class -2 166 8 178
class 57 191 67 203
class 143 192 153 204
class 181 192 191 204
