class 180 -3 190 9
class 119 -2 129 10
class 117 -1 127 11
class 11 9 21 21
class 10 12 20 24
class 91 14 101 26
class 20 16 30 28
class 9 18 19 30
class 1 22 11 34
class 12 27 22 39
class 77 31 87 43
class 161 31 171 43
class 155 33 165 45
class 173 33 183 45
class 54 36 64 48
class 30 38 40 50
class 135 62 145 74
class 173 71 183 83
class 81 72 91 84
class 166 82 176 94
class 29 94 39 106
class 157 104 167 116
class 5 107 15 119
class 39 107 49 119
class 142 114 152 126
class 7 125 17 137
class 126 130 136 142
class 136 130 146 142
class 185 133 195 145
class 181 142 191 154
class 98 143 108 155
class 186 161 196 173
class 193 162 203 174
class 177 167 187 179
class 112 176 122 188
class 79 178 89 190
class 101 181 111 193
class 170 183 180 195
class 88 185 98 197
class 113 186 123 198
