class 133 -6 143 6
class 181 0 191 12
class 163 3 173 15
class 85 11 95 23
class 54 12 64 24
class 54 16 64 28
class 56 17 66 29
class 95 19 105 31
class 147 20 157 32
class 90 32 100 44
class 107 40 117 52
class 107 44 117 56
class 165 45 175 57
class 116 49 126 61
class 92 50 102 62
class 14 52 24 64
class 45 59 55 71
class 93 65 103 77
class 83 72 93 84
class 74 73 84 85
class 3 74 13 86
class 100 74 110 86
class 37 87 47 99
class 88 88 98 100
class 89 91 99 103
class 59 109 69 121
class 163 109 173 121
class 141 117 151 129
class 131 123 141 135
class 194 123 204 135
class -2 125 8 137
class 35 125 45 137
class 11 138 21 150
class 47 141 57 153
class 64 171 74 183
class 89 176 99 188
class 187 179 197 191
class 16 185 26 197
class 176 191 186 203
class 132 192 142 204
