class 60 -5 70 7
class 122 4 132 16
class 175 4 185 16
class 78 6 88 18
class 133 10 143 22
class 30 13 40 25
class 36 13 46 25
class 116 15 126 27
class 112 28 122 40
class 35 30 45 42
class 79 39 89 51
class 114 49 124 61
class 31 60 41 72
class 11 61 21 73
class 108 73 118 85
class 36 78 46 90
class 179 81 189 93
class 143 82 153 94
class 97 89 107 101
class 62 91 72 103
class 137 95 147 107
class 194 96 204 108
class 116 116 126 128
class 155 123 165 135
class 22 125 32 137
class 2 127 12 139
class 27 127 37 139
class 120 128 130 140
class 129 138 139 150
class 139 138 149 150
class 88 143 98 155
class 26 155 36 167
class 74 163 84 175
class 54 167 64 179
class 91 168 101 180
class 182 171 192 183
class 34 178 44 190
class 148 185 158 197
class 178 188 188 200
class 63 192 73 204
