class 188 -2 198 10
class 136 4 146 16
class 56 11 66 23
class 165 11 175 23
class 164 12 174 24
class 75 14 85 26
class 147 14 157 26
class 43 15 53 27
class 31 16 41 28
class 47 36 57 48
class 94 40 104 52
class 149 59 159 71
class 123 65 133 77
class 64 67 74 79
class 116 75 126 87
class 54 77 64 89
class 31 83 41 95
class 28 84 38 96
class 19 94 29 106
class 81 99 91 111
class -1 101 9 113
class 111 102 121 114
class 47 105 57 117
class 169 106 179 118
class 102 109 112 121
class 168 109 178 121
class 24 121 34 133
class 8 124 18 136
class 50 125 60 137
class 21 126 31 138
class 108 128 118 140
class 3 129 13 141
class 57 145 67 157
class 152 160 162 172
class 63 163 73 175
class 130 163 140 175
class 13 175 23 187
class 27 177 37 189
class 117 182 127 194
class 122 185 132 197
