class 34 -2 44 10
class 83 -2 93 10
class 109 8 119 20
class 39 10 49 22
class 51 25 61 37
class 148 25 158 37
class 144 37 154 49
class 13 62 23 74
class 146 62 156 74
class 131 65 141 77
class 193 70 203 82
class 163 71 173 83
class 67 73 77 85
class 150 77 160 89
class 75 80 85 92
class 121 95 131 107
class 69 96 79 108
class 137 101 147 113
class 128 106 138 118
class 149 112 159 124
class 164 118 174 130
class 143 119 153 131
class 110 120 120 132
class 125 127 135 139
class 170 127 180 139
class 27 130 37 142
class 3 131 13 143
class 33 137 43 149
class 38 145 48 157
class 159 146 169 158
class 42 148 52 160
class -3 150 7 162
class 139 152 149 164
class 66 155 76 167
class 93 155 103 167
class 86 157 96 169
class 51 177 61 189
class 129 179 139 191
class 29 180 39 192
class 126 188 136 200
