class 57 -4 67 8
class 140 0 150 12
class 35 7 45 19
class 42 21 52 33
class 104 24 114 36
class 152 25 162 37
class 95 26 105 38
class 96 27 106 39
class 142 59 152 71
class 147 61 157 73
class 193 61 203 73
class 29 64 39 76
class 168 66 178 78
class 105 70 115 82
class 114 80 124 92
class 161 80 171 92
class 12 83 22 95
class 163 84 173 96
class 1 85 11 97
class 191 88 201 100
class 58 97 68 109
class 45 106 55 118
class 39 107 49 119
class 125 107 135 119
class 65 112 75 124
class 9 121 19 133
class 47 121 57 133
class 51 122 61 134
class 64 126 74 138
class 150 127 160 139
class 5 135 15 147
class 73 139 83 151
class 65 159 75 171
class 70 162 80 174
class 175 163 185 175
class 22 169 32 181
class 181 174 191 186
class 145 177 155 189
class 79 187 89 199
class 95 187 105 199
