class 28 -5 38 7
class 38 -3 48 9
class 58 -3 68 9
class 128 -3 138 9
class 153 -3 163 9
class 143 0 153 12
class 2 27 12 39
class 163 32 173 44
class 51 33 61 45
class 68 33 78 45
class 78 38 88 50
class 111 40 121 52
class 154 43 164 55
class 24 59 34 71
class 15 61 25 73
class 103 78 113 90
class 51 88 61 100
class 71 89 81 101
class 18 99 28 111
class 94 115 104 127
class 51 116 61 128
class 162 117 172 129
class 35 119 45 131
class 155 126 165 138
class 1 130 11 142
class 166 133 176 145
class 149 135 159 147
class 66 136 76 148
class 75 137 85 149
class 142 147 152 159
class 34 152 44 164
class 130 159 140 171
class 39 161 49 173
class 175 162 185 174
class 67 168 77 180
class 92 168 102 180
class 114 176 124 188
class 119 176 129 188
class 180 180 190 192
class 61 184 71 196
