class 32 -1 42 11
class 60 -1 70 11
class 111 5 121 17
class 74 16 84 28
class 130 16 140 28
class 130 17 140 29
class 25 19 35 31
class 159 20 169 32
class 174 21 184 33
class 49 28 59 40
class 170 28 180 40
class 86 29 96 41
class 6 38 16 50
class 194 44 204 56
class 176 50 186 62
class 70 86 80 98
class 118 91 128 103
class 128 91 138 103
class 173 93 183 105
class 20 95 30 107
class 124 98 134 110
class 167 108 177 120
class 56 116 66 128
class 94 119 104 131
class 44 129 54 141
class 155 135 165 147
class 177 138 187 150
class 172 146 182 158
class 128 148 138 160
class 60 153 70 165
class 166 160 176 172
class 14 166 24 178
class 87 167 97 179
class 179 167 189 179
class 193 175 203 187
class -3 176 7 188
class 22 177 32 189
class 64 178 74 190
class 124 179 134 191
class 182 192 192 204
