class 162 -3 172 9
class 56 -2 66 10
class 121 1 131 13
class 171 9 181 21
class 80 23 90 35
class 170 24 180 36
class 26 26 36 38
class 110 26 120 38
class 149 32 159 44
class 7 38 17 50
class 178 44 188 56
class 142 47 152 59
class 149 52 159 64
class 91 54 101 66
class 188 54 198 66
class 89 57 99 69
class 171 60 181 72
class 32 61 42 73
class -4 62 6 74
class 182 63 192 75
class 136 83 146 95
class 125 92 135 104
class 52 93 62 105
class 94 100 104 112
class 70 104 80 116
class 121 112 131 124
class 161 124 171 136
class 111 129 121 141
class 175 136 185 148
class 75 139 85 151
class 119 143 129 155
class 101 144 111 156
class 40 148 50 160
class 193 151 203 163
class 82 154 92 166
class 146 160 156 172
class 52 167 62 179
class 100 183 110 195
class 120 183 130 195
class 62 188 72 200
