class 175 -6 185 6
class 111 2 121 14
class 93 16 103 28
class 35 18 45 30
class 52 24 62 36
class 170 25 180 37
class 49 29 59 41
class 31 32 41 44
class 81 32 91 44
class 40 36 50 48
class 36 39 46 51
class 38 40 48 52
class 14 43 24 55
class 111 47 121 59
class 185 55 195 67
class 76 60 86 72
class 193 70 203 82
class 48 71 58 83
class 173 74 183 86
class 194 77 204 89
class 32 82 42 94
class 154 83 164 95
class 41 88 51 100
class 55 89 65 101
class 180 90 190 102
class 144 91 154 103
class 81 107 91 119
class 92 114 102 126
class 168 114 178 126
class 36 115 46 127
class 101 138 111 150
class 117 140 127 152
class 132 142 142 154
class 113 149 123 161
class 58 156 68 168
class 70 158 80 170
class 138 163 148 175
class 20 185 30 197
class 168 186 178 198
class 172 192 182 204
