class 15 -2 25 10
class 110 -1 120 11
class 180 2 190 14
class 17 3 27 15
class 72 12 82 24
class 29 17 39 29
class 79 17 89 29
class 132 18 142 30
class 53 19 63 31
class 126 25 136 37
class 100 31 110 43
class 33 38 43 50
class 103 44 113 56
class 154 46 164 58
class 71 53 81 65
class 136 54 146 66
class 169 68 179 80
class -4 84 6 96
class 174 85 184 97
class 190 106 200 118
class -3 107 7 119
class 140 108 150 120
class 179 110 189 122
class 102 114 112 126
class 76 116 86 128
class 156 116 166 128
class 121 119 131 131
class 170 126 180 138
class 60 133 70 145
class 140 134 150 146
class 68 145 78 157
class 158 146 168 158
class 0 163 10 175
class 172 166 182 178
class 49 170 59 182
class 63 171 73 183
class 50 174 60 186
class 22 188 32 200
class 1 189 11 201
