class 80 14 90 26
class 191 15 201 27
class 75 21 85 33
class 175 25 185 37
class 132 29 142 41
class 4 40 14 52
class 177 40 187 52
class 35 51 45 63
class 107 51 117 63
class 98 58 108 70
class 130 58 140 70
class 107 60 117 72
class 9 62 19 74
class 163 89 173 101
class 157 92 167 104
class 169 102 179 114
class 8 124 18 136
class 124 124 134 136
class 45 127 55 139
class 89 127 99 139
class -1 128 9 140
class 14 128 24 140
class 170 132 180 144
class 53 139 63 151
class 15 141 25 153
class 105 147 115 159
class 116 147 126 159
class 49 153 59 165
class 135 153 145 165
class 168 153 178 165
class 146 155 156 167
class 78 163 88 175
class 102 167 112 179
class 136 170 146 182
class 29 171 39 183
class 132 177 142 189
class 109 180 119 192
class 100 187 110 199
class 181 190 191 202
class 27 192 37 204
