class 94 -3 104 9
class -1 8 9 20
class 5 8 15 20
class 140 9 150 21
class 185 11 195 23
class 21 19 31 31
class 162 21 172 33
class 62 25 72 37
class 50 31 60 43
class 53 36 63 48
class 76 40 86 52
class 102 40 112 52
class 9 54 19 66
class 194 54 204 66
class 137 68 147 80
class 184 69 194 81
class 140 90 150 102
class 76 91 86 103
class 115 91 125 103
class 70 94 80 106
class 72 100 82 112
class 52 102 62 114
class 15 108 25 120
class 48 109 58 121
class 91 112 101 124
class 33 119 43 131
class 177 126 187 138
class 0 134 10 146
class 66 134 76 146
class 108 138 118 150
class 1 141 11 153
class 186 145 196 157
class 94 151 104 163
class 91 152 101 164
class 17 153 27 165
class 19 163 29 175
class 121 165 131 177
class 71 177 81 189
class 105 185 115 197
class 176 185 186 197
