class 146 -1 156 11
class 188 6 198 18
class 93 8 103 20
class 142 11 152 23
class 47 14 57 26
class 146 23 156 35
class 140 37 150 49
class 132 39 142 51
class 176 41 186 53
class 121 49 131 61
class 63 65 73 77
class 55 73 65 85
class 174 83 184 95
class 34 85 44 97
class 130 85 140 97
class 168 93 178 105
class 65 95 75 107
class 46 96 56 108
class 161 97 171 109
class 171 98 181 110
class 11 106 21 118
class 30 109 40 121
class 128 111 138 123
class 130 125 140 137
class 124 129 134 141
class 153 132 163 144
class 32 135 42 147
class 154 137 164 149
class 33 143 43 155
class 81 152 91 164
class 43 156 53 168
class 10 168 20 180
class 28 168 38 180
class 179 168 189 180
class 178 170 188 182
class 38 177 48 189
class 108 183 118 195
class 18 188 28 200
class 4 189 14 201
class 131 192 141 204
