class 16 -6 26 6
class 6 -4 16 8
class 126 -3 136 9
class 74 -2 84 10
class 26 0 36 12
class 51 3 61 15
class 69 12 79 24
class 101 24 111 36
class 147 28 157 40
class 112 41 122 53
class 87 45 97 57
class 142 58 152 70
class 96 62 106 74
class 118 68 128 80
class 82 76 92 88
class 140 79 150 91
class 61 80 71 92
class 112 85 122 97
class 110 86 120 98
class 119 90 129 102
class 194 92 204 104
class -3 94 7 106
class 127 103 137 115
class 41 110 51 122
class 27 114 37 126
class 77 116 87 128
class 18 118 28 130
class 176 119 186 131
class 52 120 62 132
class -2 127 8 139
class 172 132 182 144
class 143 137 153 149
class 138 143 148 155
class 186 150 196 162
class -3 153 7 165
class 64 155 74 167
class 67 158 77 170
class 3 163 13 175
class 159 173 169 185
class 67 189 77 201
