class 129 5 139 17
class 187 7 197 19
class 17 8 27 20
class 148 8 158 20
class 163 26 173 38
class 107 33 117 45
class 187 41 197 53
class 107 48 117 60
class 108 50 118 62
class 60 57 70 69
class 177 62 187 74
class -1 64 9 76
class 123 67 133 79
class 37 72 47 84
class 177 76 187 88
class 194 76 204 88
class 53 77 63 89
class 71 81 81 93
class 114 83 124 95
class 23 89 33 101
class 59 102 69 114
class 79 106 89 118
class 57 112 67 124
class 25 118 35 130
class -1 128 9 140
class 48 128 58 140
class 187 133 197 145
class 152 134 162 146
class 62 141 72 153
class 6 142 16 154
class 14 147 24 159
class 194 150 204 162
class 154 153 164 165
class 75 158 85 170
class 1 165 11 177
class 171 174 181 186
class 174 174 184 186
class 93 182 103 194
class 14 190 24 202
class 53 190 63 202
