class 52 -6 62 6
class 64 -5 74 7
class -1 -3 9 9
class 190 3 200 15
class 79 4 89 16
class 116 13 126 25
class 98 15 108 27
class 148 20 158 32
class 160 26 170 38
class 58 30 68 42
class 125 33 135 45
class 87 35 97 47
class 13 56 23 68
class 100 67 110 79
class 93 69 103 81
class 26 76 36 88
class 42 78 52 90
class 98 92 108 104
class 153 93 163 105
class 188 94 198 106
class 181 97 191 109
class 185 114 195 126
class 145 120 155 132
class 60 122 70 134
class 80 135 90 147
class 18 136 28 148
class 39 141 49 153
class 39 146 49 158
class 154 148 164 160
class 72 149 82 161
class 52 154 62 166
class 122 159 132 171
class 140 160 150 172
class 0 164 10 176
class 72 164 82 176
class 105 165 115 177
class 21 166 31 178
class 102 166 112 178
class 190 188 200 200
class 70 193 80 205
