class 52 -6 62 6
class 124 -2 134 10
class 190 3 200 15
class 149 14 159 26
class 51 20 61 32
class 46 25 56 37
class 155 26 165 38
class 6 37 16 49
class 153 37 163 49
class 135 48 145 60
class 126 50 136 62
class 73 51 83 63
class 21 52 31 64
class 40 77 50 89
class 14 88 24 100
class 194 91 204 103
class 180 94 190 106
class 180 97 190 109
class 130 100 140 112
class 157 103 167 115
class 170 103 180 115
class 108 110 118 122
class 50 115 60 127
class 118 120 128 132
class 23 126 33 138
class 64 136 74 148
class 86 138 96 150
class 178 144 188 156
class 46 146 56 158
class 64 159 74 171
class 52 162 62 174
class 174 171 184 183
class 159 172 169 184
class 20 173 30 185
class 23 173 33 185
class 189 174 199 186
class 46 175 56 187
class 82 176 92 188
class 112 180 122 192
class 77 183 87 195
