class 125 -5 135 7
class 12 -1 22 11
class 36 14 46 26
class 77 26 87 38
class -2 29 8 41
class 75 31 85 43
class 161 31 171 43
class 113 46 123 58
class 34 48 44 60
class 191 55 201 67
class 133 57 143 69
class 154 61 164 73
class 97 62 107 74
class 154 77 164 89
class 146 81 156 93
class 110 87 120 99
class 178 87 188 99
class 163 93 173 105
class 41 94 51 106
class 150 109 160 121
class 52 110 62 122
class 127 114 137 126
class -1 121 9 133
class 97 122 107 134
class 4 123 14 135
class 124 127 134 139
class 184 128 194 140
class 112 130 122 142
class 6 132 16 144
class 71 132 81 144
class 163 133 173 145
class 16 146 26 158
class 101 147 111 159
class 71 156 81 168
class 112 156 122 168
class 168 172 178 184
class 66 174 76 186
class 98 176 108 188
class 41 186 51 198
class 150 187 160 199
