class 81 -5 91 7
class 31 -2 41 10
class 89 -2 99 10
class 13 0 23 12
class 46 2 56 14
class 190 6 200 18
class 166 9 176 21
class 77 16 87 28
class 124 22 134 34
class 92 33 102 45
class 88 41 98 53
class 38 48 48 60
class 102 48 112 60
class 43 52 53 64
class 139 59 149 71
class 62 62 72 74
class 79 63 89 75
class 22 66 32 78
class 116 70 126 82
class 74 78 84 90
class 32 80 42 92
class 159 81 169 93
class 126 82 136 94
class 185 86 195 98
class 80 88 90 100
class 110 92 120 104
class 38 99 48 111
class 5 109 15 121
class 136 109 146 121
class 86 115 96 127
class 54 117 64 129
class 94 119 104 131
class 183 120 193 132
class 166 126 176 138
class 67 129 77 141
class 4 131 14 143
class 100 137 110 149
class 25 151 35 163
class 191 162 201 174
class 57 192 67 204
