class 25 -3 35 9
class 22 0 32 12
class 136 8 146 20
class 81 12 91 24
class 100 13 110 25
class 151 21 161 33
class -5 33 5 45
class 174 35 184 47
class 87 36 97 48
class 111 44 121 56
class 75 46 85 58
class 72 47 82 59
class 81 53 91 65
class 79 57 89 69
class 3 59 13 71
class 74 59 84 71
class 169 71 179 83
class 99 82 109 94
class 7 93 17 105
class 16 94 26 106
class 152 96 162 108
class 129 108 139 120
class 172 114 182 126
class 18 120 28 132
class 92 121 102 133
class 67 125 77 137
class 77 125 87 137
class 90 125 100 137
class 115 131 125 143
class 157 137 167 149
class 48 143 58 155
class 124 146 134 158
class 68 149 78 161
class 124 154 134 166
class 57 156 67 168
class 86 159 96 171
class 132 164 142 176
class 145 167 155 179
class 95 184 105 196
class 169 191 179 203
