class 37 1 47 13
class 161 1 171 13
class 4 6 14 18
class 164 14 174 26
class 140 19 150 31
class 51 21 61 33
class 146 24 156 36
class 59 28 69 40
class 178 35 188 47
class 3 53 13 65
class 19 60 29 72
class 118 62 128 74
class 101 73 111 85
class 110 85 120 97
class 99 88 109 100
class 75 92 85 104
class 34 94 44 106
class 116 95 126 107
class 168 95 178 107
class 24 101 34 113
class 68 106 78 118
class 155 106 165 118
class 65 112 75 124
class 12 115 22 127
class 190 118 200 130
class 155 123 165 135
class 162 123 172 135
class 178 123 188 135
class 156 124 166 136
class 91 137 101 149
class 10 139 20 151
class 117 150 127 162
class 62 153 72 165
class 109 160 119 172
class 23 161 33 173
class 32 161 42 173
class 64 167 74 179
class -3 170 7 182
class 175 170 185 182
class 108 179 118 191
