class 159 -6 169 6
class 162 2 172 14
class 181 10 191 22
class 95 13 105 25
class 141 16 151 28
class 134 17 144 29
class 25 41 35 53
class 184 47 194 59
class 52 51 62 63
class 144 60 154 72
class 61 63 71 75
class 10 84 20 96
class 148 89 158 101
class 143 91 153 103
class 160 93 170 105
class 66 96 76 108
class 87 102 97 114
class 152 105 162 117
class 63 108 73 120
class 60 114 70 126
class 192 116 202 128
class 152 117 162 129
class 174 118 184 130
class 161 123 171 135
class 115 127 125 139
class 28 129 38 141
class 77 142 87 154
class 87 142 97 154
class 111 143 121 155
class 133 146 143 158
class 187 147 197 159
class 192 153 202 165
class 42 158 52 170
class 109 166 119 178
class 46 167 56 179
class 104 179 114 191
class 139 179 149 191
class 8 181 18 193
class -5 184 5 196
class 10 192 20 204
