class 159 -3 169 9
class 168 -3 178 9
class 121 1 131 13
class 58 3 68 15
class 93 3 103 15
class 14 6 24 18
class 138 10 148 22
class 193 12 203 24
class 106 13 116 25
class 141 17 151 29
class 64 20 74 32
class 1 37 11 49
class 153 39 163 51
class 71 43 81 55
class 135 45 145 57
class 11 48 21 60
class 152 53 162 65
class 80 54 90 66
class 18 58 28 70
class 39 60 49 72
class 116 66 126 78
class 173 67 183 79
class 115 72 125 84
class 50 74 60 86
class 148 77 158 89
class 143 80 153 92
class 115 95 125 107
class 123 95 133 107
class 123 104 133 116
class 189 107 199 119
class 72 129 82 141
class 138 131 148 143
class 51 136 61 148
class 34 139 44 151
class 6 148 16 160
class 21 149 31 161
class 12 169 22 181
class 77 169 87 181
class 43 181 53 193
class 67 190 77 202
