class 121 2 131 14
class 98 5 108 17
class 37 15 47 27
class 18 16 28 28
class 30 22 40 34
class 122 26 132 38
class -4 38 6 50
class 45 58 55 70
class 69 59 79 71
class 133 60 143 72
class 87 77 97 89
class 179 84 189 96
class 168 88 178 100
class 83 90 93 102
class 80 91 90 103
class 140 97 150 109
class 143 100 153 112
class 129 102 139 114
class 174 109 184 121
class 156 112 166 124
class 168 116 178 128
class 179 121 189 133
class 72 122 82 134
class 188 124 198 136
class 114 128 124 140
class 0 129 10 141
class 194 135 204 147
class 67 144 77 156
class 31 152 41 164
class 193 156 203 168
class 103 157 113 169
class 190 158 200 170
class 108 160 118 172
class 127 161 137 173
class 130 165 140 177
class 52 169 62 181
class 10 178 20 190
class 75 186 85 198
class 190 188 200 200
class 107 193 117 205
