class 158 -5 168 7
class 47 -2 57 10
class 174 -2 184 10
class 51 1 61 13
class 119 7 129 19
class 12 17 22 29
class 61 21 71 33
class 34 23 44 35
class 69 28 79 40
class 150 28 160 40
class 92 34 102 46
class 46 38 56 50
class 84 45 94 57
class 148 47 158 59
class 150 59 160 71
class 6 72 16 84
class 24 72 34 84
class 156 78 166 90
class 11 79 21 91
class 37 88 47 100
class 11 100 21 112
class 13 101 23 113
class 4 109 14 121
class 179 110 189 122
class 107 111 117 123
class 92 121 102 133
class 181 127 191 139
class 13 137 23 149
class 189 138 199 150
class 66 146 76 158
class 92 148 102 160
class 45 149 55 161
class 90 149 100 161
class 101 153 111 165
class 148 156 158 168
class 68 174 78 186
class 194 182 204 194
class 43 185 53 197
class 194 186 204 198
class 119 189 129 201
