class 12 5 22 17
class 165 7 175 19
class 14 11 24 23
class 81 19 91 31
class 56 26 66 38
class 103 27 113 39
class 3 36 13 48
class 104 38 114 50
class 132 43 142 55
class 143 45 153 57
class 41 55 51 67
class 74 65 84 77
class 93 66 103 78
class 19 81 29 93
class 37 95 47 107
class 106 95 116 107
class 147 96 157 108
class 45 102 55 114
class 61 102 71 114
class -2 113 8 125
class 150 114 160 126
class 160 116 170 128
class 60 126 70 138
class 147 127 157 139
class 1 130 11 142
class 21 131 31 143
class 2 134 12 146
class 28 147 38 159
class 70 147 80 159
class 106 153 116 165
class 182 158 192 170
class 191 158 201 170
class 100 166 110 178
class 145 169 155 181
class 2 173 12 185
class 137 175 147 187
class 3 179 13 191
class 133 180 143 192
class 82 183 92 195
class 185 192 195 204
