class 55 -5 65 7
class 50 -3 60 9
class 85 -2 95 10
class 121 2 131 14
class 106 4 116 16
class 60 7 70 19
class 29 17 39 29
class 86 22 96 34
class 77 27 87 39
class 40 28 50 40
class 155 30 165 42
class 96 47 106 59
class 84 54 94 66
class 165 58 175 70
class 109 60 119 72
class 86 69 96 81
class 9 72 19 84
class 110 72 120 84
class 18 77 28 89
class 128 77 138 89
class 140 79 150 91
class 39 82 49 94
class 54 85 64 97
class 143 93 153 105
class 142 96 152 108
class 105 99 115 111
class 73 108 83 120
class 194 120 204 132
class 95 130 105 142
class 78 132 88 144
class 57 137 67 149
class 126 148 136 160
class -5 161 5 173
class 90 169 100 181
class 190 170 200 182
class 70 173 80 185
class 80 175 90 187
class 166 179 176 191
class -2 185 8 197
class 87 192 97 204
