class 112 -6 122 6
class 29 22 39 34
class 32 23 42 35
class -1 24 9 36
class 24 25 34 37
class 173 29 183 41
class -1 33 9 45
class 94 34 104 46
class 144 35 154 47
class 61 41 71 53
class 18 48 28 60
class 21 49 31 61
class 125 57 135 69
class 40 59 50 71
class 145 68 155 80
class 181 69 191 81
class 133 70 143 82
class 125 78 135 90
class 183 79 193 91
class 187 84 197 96
class 171 102 181 114
class 139 113 149 125
class 28 115 38 127
class 179 119 189 131
class 16 122 26 134
class 89 125 99 137
class 10 133 20 145
class 107 140 117 152
class 58 147 68 159
class 146 147 156 159
class 14 152 24 164
class 50 154 60 166
class 104 160 114 172
class 192 161 202 173
class 54 167 64 179
class 75 170 85 182
class 45 173 55 185
class 92 179 102 191
class 32 180 42 192
class 176 185 186 197
