class 120 -6 130 6
class 54 -2 64 10
class 187 6 197 18
class 135 9 145 21
class 166 22 176 34
class 113 25 123 37
class 134 27 144 39
class 84 31 94 43
class 96 31 106 43
class 166 32 176 44
class 182 35 192 47
class 118 41 128 53
class 141 44 151 56
class 86 45 96 57
class 176 66 186 78
class 103 67 113 79
class 100 69 110 81
class 187 71 197 83
class 113 80 123 92
class 92 85 102 97
class 155 89 165 101
class 45 92 55 104
class 26 98 36 110
class 54 101 64 113
class 151 104 161 116
class 121 110 131 122
class 49 112 59 124
class 100 113 110 125
class 108 117 118 129
class 20 121 30 133
class 49 137 59 149
class 53 151 63 163
class 44 152 54 164
class 109 155 119 167
class 172 166 182 178
class 32 167 42 179
class 45 167 55 179
class 119 169 129 181
class 45 171 55 183
class 23 173 33 185
