class 172 -5 182 7
class 37 1 47 13
class 80 3 90 15
class 192 3 202 15
class 36 4 46 16
class 19 24 29 36
class 112 28 122 40
class 120 29 130 41
class 73 33 83 45
class 66 40 76 52
class 150 48 160 60
class 190 49 200 61
class 75 63 85 75
class 40 67 50 79
class 118 82 128 94
class 73 86 83 98
class 29 88 39 100
class 158 92 168 104
class 29 93 39 105
class 63 104 73 116
class 81 105 91 117
class 170 122 180 134
class 25 138 35 150
class 38 139 48 151
class 12 142 22 154
class 173 149 183 161
class 50 151 60 163
class 57 151 67 163
class 97 156 107 168
class 150 163 160 175
class 55 169 65 181
class 4 170 14 182
class 76 172 86 184
class 109 172 119 184
class 81 177 91 189
class 15 183 25 195
class 40 183 50 195
class 92 192 102 204
class 100 192 110 204
class 156 193 166 205
