class 80 -3 90 9
class 158 6 168 18
class 182 7 192 19
class 109 12 119 24
class 60 22 70 34
class 10 29 20 41
class 137 29 147 41
class -3 45 7 57
class 37 46 47 58
class 85 46 95 58
class 176 47 186 59
class 21 51 31 63
class 81 54 91 66
class 7 55 17 67
class 5 62 15 74
class 194 63 204 75
class 73 65 83 77
class 181 70 191 82
class 12 74 22 86
class 14 88 24 100
class 167 106 177 118
class 136 107 146 119
class 187 109 197 121
class 82 121 92 133
class 152 122 162 134
class 56 127 66 139
class 146 129 156 141
class 90 138 100 150
class 32 139 42 151
class 27 148 37 160
class 52 150 62 162
class 96 152 106 164
class 130 153 140 165
class 30 157 40 169
class 117 159 127 171
class 134 168 144 180
class 167 176 177 188
class 112 181 122 193
class 34 184 44 196
class 72 186 82 198
