class 84 -6 94 6
class -1 0 9 12
class 14 9 24 21
class 52 17 62 29
class 132 25 142 37
class 137 27 147 39
class 92 28 102 40
class 16 33 26 45
class 65 40 75 52
class 128 41 138 53
class 82 45 92 57
class 2 51 12 63
class 173 53 183 65
class 58 54 68 66
class 139 66 149 78
class 45 74 55 86
class 80 78 90 90
class 7 81 17 93
class 181 81 191 93
class 20 92 30 104
class 95 103 105 115
class 116 105 126 117
class 88 112 98 124
class 175 119 185 131
class 123 124 133 136
class 183 129 193 141
class 148 130 158 142
class 79 148 89 160
class 83 158 93 170
class 159 160 169 172
class 155 165 165 177
class 41 168 51 180
class 159 170 169 182
class 43 172 53 184
class 49 176 59 188
class 121 180 131 192
class 9 182 19 194
class 27 184 37 196
class 175 184 185 196
class 187 189 197 201
