class -1 -5 9 7
class 76 -3 86 9
class 142 -1 152 11
class 175 1 185 13
class 50 10 60 22
class 30 11 40 23
class 69 13 79 25
class 130 17 140 29
class 158 17 168 29
class 25 18 35 30
class 125 20 135 32
class 21 26 31 38
class 19 32 29 44
class 87 34 97 46
class 37 35 47 47
class 131 36 141 48
class 100 41 110 53
class -5 43 5 55
class 150 43 160 55
class 93 48 103 60
class 26 75 36 87
class 84 75 94 87
class 149 77 159 89
class 115 79 125 91
class 105 85 115 97
class 166 91 176 103
class 157 109 167 121
class 145 115 155 127
class 32 117 42 129
class 166 121 176 133
class 129 122 139 134
class 84 126 94 138
class 82 134 92 146
class 182 142 192 154
class 151 155 161 167
class 146 161 156 173
class 138 166 148 178
class 145 171 155 183
class -3 188 7 200
class 99 191 109 203
