class 1 4 11 16
class 120 6 130 18
class 81 17 91 29
class 29 19 39 31
class 72 20 82 32
class 32 23 42 35
class 120 31 130 43
class 180 41 190 53
class 183 41 193 53
class 137 44 147 56
class 81 46 91 58
class 82 49 92 61
class 72 52 82 64
class 59 67 69 79
class 164 97 174 109
class 34 99 44 111
class 186 99 196 111
class 163 101 173 113
class 17 109 27 121
class 9 113 19 125
class 12 118 22 130
class 44 119 54 131
class 172 121 182 133
class 1 122 11 134
class 37 123 47 135
class 106 124 116 136
class 30 126 40 138
class 113 129 123 141
class 115 129 125 141
class 184 139 194 151
class 60 141 70 153
class 71 157 81 169
class 94 157 104 169
class 118 167 128 179
class 27 177 37 189
class 122 181 132 193
class 110 183 120 195
class 70 187 80 199
class 194 190 204 202
class 29 191 39 203
