class 90 -6 100 6
class 67 2 77 14
class 149 6 159 18
class 8 11 18 23
class 144 11 154 23
class 172 15 182 27
class 23 24 33 36
class 186 29 196 41
class 130 40 140 52
class 134 43 144 55
class 117 49 127 61
class -2 51 8 63
class 125 51 135 63
class 171 56 181 68
class 64 64 74 76
class 89 65 99 77
class 141 69 151 81
class 95 71 105 83
class 155 75 165 87
class 131 84 141 96
class 174 89 184 101
class 93 103 103 115
class 28 105 38 117
class 163 105 173 117
class 32 107 42 119
class 81 109 91 121
class 146 109 156 121
class 128 111 138 123
class 47 122 57 134
class 149 128 159 140
class 186 132 196 144
class 68 154 78 166
class 90 159 100 171
class 79 160 89 172
class 37 172 47 184
class 21 184 31 196
class 148 185 158 197
class 91 190 101 202
class 64 191 74 203
class 178 193 188 205
