class 139 -4 149 8
class 193 -3 203 9
class 18 1 28 13
class 47 3 57 15
class 146 8 156 20
class 12 13 22 25
class 109 17 119 29
class 177 17 187 29
class 139 23 149 35
class 65 25 75 37
class 77 42 87 54
class 123 43 133 55
class 161 55 171 67
class 132 64 142 76
class 36 67 46 79
class 99 71 109 83
class 73 87 83 99
class 38 91 48 103
class 1 95 11 107
class 179 101 189 113
class 52 113 62 125
class 56 113 66 125
class 38 118 48 130
class 141 119 151 131
class 69 133 79 145
class 158 139 168 151
class 132 145 142 157
class 85 150 95 162
class 54 155 64 167
class 73 155 83 167
class 185 155 195 167
class 95 156 105 168
class 28 167 38 179
class 88 173 98 185
class 152 176 162 188
class 15 178 25 190
class 165 181 175 193
class 87 183 97 195
class 170 186 180 198
class 51 193 61 205
