class 181 -4 191 8
class 72 0 82 12
class 45 1 55 13
class 67 5 77 17
class 85 5 95 17
class 133 8 143 20
class 189 13 199 25
class 31 15 41 27
class 114 23 124 35
class 105 24 115 36
class 48 29 58 41
class 142 43 152 55
class 83 50 93 62
class 149 53 159 65
class 32 58 42 70
class 45 60 55 72
class 192 62 202 74
class 133 68 143 80
class 54 75 64 87
class 115 75 125 87
class 100 78 110 90
class 16 81 26 93
class 51 89 61 101
class 120 92 130 104
class 53 98 63 110
class 175 105 185 117
class 61 107 71 119
class 23 108 33 120
class 88 123 98 135
class 74 130 84 142
class 98 145 108 157
class 187 151 197 163
class 97 152 107 164
class 92 157 102 169
class 127 157 137 169
class 70 161 80 173
class 190 166 200 178
class 11 181 21 193
class 172 183 182 195
class 104 185 114 197
