class 116 -3 126 9
class 144 1 154 13
class 28 4 38 16
class 49 4 59 16
class 85 5 95 17
class 173 31 183 43
class 60 40 70 52
class 58 41 68 53
class 44 44 54 56
class 130 48 140 60
class 144 54 154 66
class 93 55 103 67
class 44 62 54 74
class 165 65 175 77
class 102 82 112 94
class 77 87 87 99
class 19 93 29 105
class 9 100 19 112
class 164 101 174 113
class 184 104 194 116
class 24 105 34 117
class 134 108 144 120
class 134 110 144 122
class 84 111 94 123
class 126 115 136 127
class 95 118 105 130
class 94 124 104 136
class 74 127 84 139
class 135 130 145 142
class 89 134 99 146
class 91 145 101 157
class 104 148 114 160
class 100 149 110 161
class 132 164 142 176
class 20 165 30 177
class 103 166 113 178
class 117 168 127 180
class 7 179 17 191
class 42 188 52 200
class 14 192 24 204
