class 148 -6 158 6
class 119 2 129 14
class 126 14 136 26
class 119 30 129 42
class 30 35 40 47
class 54 42 64 54
class 50 43 60 55
class 114 46 124 58
class 1 51 11 63
class 132 56 142 68
class 5 57 15 69
class 62 58 72 70
class 191 58 201 70
class 103 62 113 74
class 52 63 62 75
class 75 63 85 75
class 129 64 139 76
class 123 66 133 78
class 165 78 175 90
class 174 78 184 90
class 39 80 49 92
class 33 85 43 97
class 36 90 46 102
class 78 97 88 109
class 46 103 56 115
class 29 105 39 117
class 29 108 39 120
class 137 110 147 122
class 174 125 184 137
class 58 144 68 156
class 169 148 179 160
class 13 150 23 162
class 16 152 26 164
class 145 156 155 168
class 81 159 91 171
class 16 161 26 173
class 106 165 116 177
class 59 175 69 187
class 89 179 99 191
class 83 186 93 198
