class 141 2 151 14
class 4 11 14 23
class 158 18 168 30
class 178 27 188 39
class 37 29 47 41
class 124 41 134 53
class 126 43 136 55
class 66 66 76 78
class 184 84 194 96
class 119 91 129 103
class 57 94 67 106
class 181 95 191 107
class 30 99 40 111
class 74 100 84 112
class 57 106 67 118
class 18 113 28 125
class 161 116 171 128
class 149 119 159 131
class 23 120 33 132
class 75 122 85 134
class 30 123 40 135
class 182 132 192 144
class 99 136 109 148
class 154 141 164 153
class 62 143 72 155
class 126 144 136 156
class 14 145 24 157
class 79 146 89 158
class 75 149 85 161
class 116 151 126 163
class 4 157 14 169
class 89 164 99 176
class 4 173 14 185
class 121 176 131 188
class 146 178 156 190
class 89 181 99 193
class 138 185 148 197
class -3 189 7 201
class 57 189 67 201
class 30 192 40 204
