class 57 4 67 16
class 110 4 120 16
class 125 8 135 20
class 33 9 43 21
class 27 16 37 28
class 55 17 65 29
class 190 22 200 34
class 0 27 10 39
class 147 27 157 39
class 123 33 133 45
class 137 38 147 50
class 78 39 88 51
class 43 44 53 56
class 30 45 40 57
class 95 59 105 71
class 109 60 119 72
class 71 67 81 79
class 25 78 35 90
class 41 82 51 94
class 127 87 137 99
class 72 93 82 105
class 166 93 176 105
class 94 97 104 109
class 28 99 38 111
class 141 106 151 118
class 73 108 83 120
class 130 125 140 137
class 133 131 143 143
class 36 135 46 147
class 9 139 19 151
class 75 141 85 153
class 145 141 155 153
class 11 150 21 162
class 65 154 75 166
class 3 160 13 172
class 57 177 67 189
class 9 179 19 191
class 1 186 11 198
class 87 186 97 198
class 71 190 81 202
