class 91 -3 101 9
class 87 3 97 15
class 0 9 10 21
class 10 16 20 28
class 117 25 127 37
class 183 25 193 37
class 113 29 123 41
class 158 29 168 41
class 45 32 55 44
class 189 35 199 47
class 79 37 89 49
class 141 40 151 52
class 100 42 110 54
class 89 45 99 57
class 138 45 148 57
class 27 53 37 65
class 145 68 155 80
class 94 69 104 81
class -3 79 7 91
class 0 89 10 101
class 129 98 139 110
class 100 106 110 118
class 152 110 162 122
class 55 113 65 125
class 54 118 64 130
class 56 118 66 130
class 15 121 25 133
class 63 125 73 137
class 116 125 126 137
class 39 139 49 151
class 103 158 113 170
class 59 164 69 176
class 90 165 100 177
class -1 170 9 182
class 83 173 93 185
class 27 176 37 188
class 69 177 79 189
class 67 189 77 201
class 124 193 134 205
class 137 193 147 205
