class -1 3 9 15
class 85 12 95 24
class 43 15 53 27
class 93 17 103 29
class 190 18 200 30
class 66 27 76 39
class 87 28 97 40
class 123 28 133 40
class 143 28 153 40
class 59 30 69 42
class 82 35 92 47
class 118 45 128 57
class 0 48 10 60
class 149 61 159 73
class 41 63 51 75
class 81 64 91 76
class 105 70 115 82
class 180 84 190 96
class 108 85 118 97
class 59 94 69 106
class 12 97 22 109
class 59 104 69 116
class 149 117 159 129
class 110 118 120 130
class 188 130 198 142
class 75 141 85 153
class 16 142 26 154
class 128 146 138 158
class 15 152 25 164
class 53 153 63 165
class 11 155 21 167
class 43 157 53 169
class 76 159 86 171
class 62 161 72 173
class 147 171 157 183
class 63 175 73 187
class 81 176 91 188
class 67 179 77 191
class 156 188 166 200
class 47 190 57 202
