class 79 -4 89 8
class 42 1 52 13
class 31 5 41 17
class 110 17 120 29
class 145 19 155 31
class 48 20 58 32
class 170 25 180 37
class 75 39 85 51
class 138 40 148 52
class 132 44 142 56
class 53 51 63 63
class 38 53 48 65
class 87 54 97 66
class 40 58 50 70
class 96 62 106 74
class 189 69 199 81
class 22 71 32 83
class 40 76 50 88
class 18 77 28 89
class 179 78 189 90
class 148 88 158 100
class 168 88 178 100
class 62 100 72 112
class 118 105 128 117
class 27 106 37 118
class 11 121 21 133
class 74 124 84 136
class 85 130 95 142
class 120 135 130 147
class 75 145 85 157
class 160 148 170 160
class 41 151 51 163
class 110 151 120 163
class 174 151 184 163
class 36 154 46 166
class 118 164 128 176
class 160 175 170 187
class 138 177 148 189
class 10 178 20 190
class 99 189 109 201
