class 126 -2 136 10
class 94 -1 104 11
class 32 2 42 14
class 48 3 58 15
class 143 8 153 20
class 142 13 152 25
class 169 15 179 27
class 92 21 102 33
class 93 22 103 34
class 56 24 66 36
class 82 33 92 45
class 84 33 94 45
class 175 40 185 52
class 96 46 106 58
class 176 55 186 67
class 188 57 198 69
class 124 65 134 77
class 93 67 103 79
class 75 68 85 80
class 108 77 118 89
class 157 81 167 93
class 170 90 180 102
class 28 100 38 112
class 55 100 65 112
class 115 123 125 135
class 1 124 11 136
class 117 124 127 136
class 168 127 178 139
class 118 128 128 140
class 71 129 81 141
class 95 132 105 144
class 145 134 155 146
class 174 145 184 157
class 0 155 10 167
class 124 157 134 169
class 52 160 62 172
class 40 161 50 173
class 27 168 37 180
class 123 175 133 187
class 29 192 39 204
