class 42 -6 52 6
class 58 -4 68 8
class 110 -4 120 8
class 62 -3 72 9
class 40 7 50 19
class 184 9 194 21
class 69 19 79 31
class 76 19 86 31
class 50 33 60 45
class 157 35 167 47
class 110 38 120 50
class 111 51 121 63
class 100 53 110 65
class 70 56 80 68
class 39 58 49 70
class 106 62 116 74
class 92 67 102 79
class 105 74 115 86
class 23 75 33 87
class 4 82 14 94
class 101 86 111 98
class 126 99 136 111
class 112 101 122 113
class 151 101 161 113
class 102 124 112 136
class 52 132 62 144
class 80 133 90 145
class 51 137 61 149
class 107 144 117 156
class 12 150 22 162
class 56 150 66 162
class 152 155 162 167
class 21 159 31 171
class 81 159 91 171
class 166 165 176 177
class 18 169 28 181
class 106 173 116 185
class 43 182 53 194
class 81 183 91 195
class 28 193 38 205
