class 73 -5 83 7
class 174 4 184 16
class 24 10 34 22
class 4 11 14 23
class 178 11 188 23
class 84 13 94 25
class 147 27 157 39
class 54 30 64 42
class 83 30 93 42
class 63 42 73 54
class 98 43 108 55
class 0 44 10 56
class 22 45 32 57
class 66 53 76 65
class 118 55 128 67
class 126 59 136 71
class 59 60 69 72
class 179 62 189 74
class 96 67 106 79
class 152 67 162 79
class 186 78 196 90
class 78 80 88 92
class 72 87 82 99
class 80 91 90 103
class 88 92 98 104
class 64 93 74 105
class 171 95 181 107
class 51 112 61 124
class 122 115 132 127
class 48 126 58 138
class 170 143 180 155
class 167 148 177 160
class 133 149 143 161
class -3 164 7 176
class 125 164 135 176
class 134 166 144 178
class 61 169 71 181
class 160 183 170 195
class 178 186 188 198
class 22 187 32 199
