class 75 -5 85 7
class 119 -4 129 8
class 11 -3 21 9
class 177 -2 187 10
class 149 10 159 22
class 120 11 130 23
class 28 24 38 36
class 4 25 14 37
class 82 29 92 41
class 78 43 88 55
class 107 58 117 70
class 9 61 19 73
class 29 69 39 81
class 61 69 71 81
class 169 73 179 85
class 156 77 166 89
class 10 81 20 93
class 34 88 44 100
class 154 91 164 103
class 137 106 147 118
class 43 109 53 121
class 59 116 69 128
class 48 127 58 139
class 70 133 80 145
class 26 135 36 147
class 0 140 10 152
class 87 142 97 154
class 21 143 31 155
class 75 155 85 167
class 61 156 71 168
class 149 157 159 169
class 163 159 173 171
class 163 161 173 173
class 82 162 92 174
class 65 173 75 185
class 140 174 150 186
class 62 175 72 187
class 149 183 159 195
class 131 186 141 198
class 87 191 97 203
