class 143 -3 153 9
class 83 2 93 14
class 56 10 66 22
class 68 13 78 25
class 168 17 178 29
class 49 35 59 47
class 39 39 49 51
class 72 43 82 55
class 77 49 87 61
class 28 51 38 63
class 64 55 74 67
class 102 57 112 69
class 68 58 78 70
class 124 60 134 72
class 177 60 187 72
class 145 62 155 74
class 34 66 44 78
class 79 67 89 79
class 20 72 30 84
class 50 75 60 87
class 2 76 12 88
class 31 78 41 90
class 94 78 104 90
class 134 83 144 95
class 9 85 19 97
class 155 95 165 107
class 106 101 116 113
class 6 116 16 128
class 33 129 43 141
class 17 135 27 147
class 112 137 122 149
class 64 139 74 151
class 176 144 186 156
class 115 152 125 164
class 148 154 158 166
class 182 163 192 175
class 36 174 46 186
class 21 181 31 193
class 25 187 35 199
class 121 187 131 199
