class 47 -4 57 8
class 30 8 40 20
class 67 13 77 25
class 132 26 142 38
class 190 27 200 39
class 87 30 97 42
class 10 35 20 47
class 78 36 88 48
class 47 40 57 52
class 81 43 91 55
class 140 44 150 56
class 88 47 98 59
class 24 49 34 61
class 7 53 17 65
class 9 60 19 72
class 177 67 187 79
class 4 70 14 82
class 180 70 190 82
class 148 72 158 84
class 118 75 128 87
class 63 80 73 92
class 148 83 158 95
class 19 84 29 96
class 93 85 103 97
class 37 86 47 98
class 87 91 97 103
class 126 106 136 118
class 78 110 88 122
class 51 116 61 128
class 165 121 175 133
class 181 124 191 136
class 74 126 84 138
class 62 137 72 149
class 164 138 174 150
class 58 149 68 161
class 99 149 109 161
class 148 156 158 168
class 141 180 151 192
class 158 180 168 192
class 152 188 162 200
