class 150 0 160 12
class 135 9 145 21
class 15 17 25 29
class 73 21 83 33
class 121 23 131 35
class 141 26 151 38
class 60 29 70 41
class 26 30 36 42
class 72 30 82 42
class 52 33 62 45
class 175 35 185 47
class 167 41 177 53
class 3 44 13 56
class 20 44 30 56
class 46 54 56 66
class 3 56 13 68
class 192 61 202 73
class 105 63 115 75
class 7 89 17 101
class 19 91 29 103
class 117 112 127 124
class 36 122 46 134
class 149 122 159 134
class 25 125 35 137
class 75 127 85 139
class 33 129 43 141
class 169 130 179 142
class 174 133 184 145
class 1 134 11 146
class 175 142 185 154
class 158 155 168 167
class 34 156 44 168
class 144 157 154 169
class 41 159 51 171
class 78 180 88 192
class 91 184 101 196
class 98 184 108 196
class -2 192 8 204
class 126 192 136 204
class 153 192 163 204
