class 58 -5 68 7
class -4 10 6 22
class 91 13 101 25
class 112 16 122 28
class 39 31 49 43
class 158 35 168 47
class 112 42 122 54
class 9 43 19 55
class 91 45 101 57
class 66 67 76 79
class 118 71 128 83
class 40 86 50 98
class 88 88 98 100
class 135 88 145 100
class 65 89 75 101
class 165 98 175 110
class 174 100 184 112
class 1 105 11 117
class 3 107 13 119
class 42 108 52 120
class 116 113 126 125
class 186 113 196 125
class 46 114 56 126
class 193 114 203 126
class 6 116 16 128
class 121 116 131 128
class 77 122 87 134
class 106 128 116 140
class 54 129 64 141
class 84 131 94 143
class 127 137 137 149
class 169 137 179 149
class 131 142 141 154
class 37 147 47 159
class 50 155 60 167
class 76 162 86 174
class 34 170 44 182
class 4 185 14 197
class 188 187 198 199
class 156 190 166 202
