class 158 -6 168 6
class 149 -5 159 7
class 91 -2 101 10
class 103 5 113 17
class 51 10 61 22
class 93 18 103 30
class 183 24 193 36
class 27 29 37 41
class 5 35 15 47
class 15 36 25 48
class 125 49 135 61
class 156 72 166 84
class 177 73 187 85
class 104 76 114 88
class 11 81 21 93
class 50 84 60 96
class 127 92 137 104
class 101 93 111 105
class 37 114 47 126
class 100 115 110 127
class 92 122 102 134
class 104 123 114 135
class 147 124 157 136
class 80 127 90 139
class 125 130 135 142
class 70 139 80 151
class 125 146 135 158
class 79 149 89 161
class 104 150 114 162
class 82 151 92 163
class 191 154 201 166
class 123 155 133 167
class 5 156 15 168
class 112 162 122 174
class 133 165 143 177
class 156 165 166 177
class 171 179 181 191
class 17 182 27 194
class 136 183 146 195
class 179 192 189 204
