class 133 -6 143 6
class -4 -1 6 11
class 18 3 28 15
class 37 4 47 16
class 91 5 101 17
class 119 6 129 18
class 186 6 196 18
class 92 8 102 20
class 88 9 98 21
class 53 10 63 22
class 63 13 73 25
class 60 23 70 35
class 36 29 46 41
class 85 37 95 49
class 68 46 78 58
class 79 46 89 58
class 110 48 120 60
class 74 55 84 67
class 107 62 117 74
class 193 67 203 79
class 93 70 103 82
class 166 80 176 92
class 154 81 164 93
class 90 85 100 97
class 81 90 91 102
class 171 90 181 102
class 16 112 26 124
class 21 116 31 128
class 77 120 87 132
class 8 124 18 136
class 113 131 123 143
class 120 140 130 152
class 138 140 148 152
class 67 147 77 159
class 192 159 202 171
class 129 165 139 177
class 191 178 201 190
class 167 185 177 197
class 139 188 149 200
class 99 193 109 205
