class 1 0 11 12
class 44 0 54 12
class 180 1 190 13
class 87 3 97 15
class 134 4 144 16
class 161 10 171 22
class 77 11 87 23
class 4 16 14 28
class 116 39 126 51
class 131 43 141 55
class 86 50 96 62
class 23 51 33 63
class 49 54 59 66
class 120 55 130 67
class 40 63 50 75
class 137 64 147 76
class 7 66 17 78
class 76 67 86 79
class 0 77 10 89
class 14 79 24 91
class 51 79 61 91
class 102 82 112 94
class 171 83 181 95
class 147 85 157 97
class 162 85 172 97
class 167 85 177 97
class 84 88 94 100
class 156 98 166 110
class 84 100 94 112
class 122 104 132 116
class 148 107 158 119
class 42 117 52 129
class 153 120 163 132
class 138 125 148 137
class 162 130 172 142
class 113 149 123 161
class 52 157 62 169
class 75 175 85 187
class 99 177 109 189
class 109 186 119 198
