class 97 -6 107 6
class 114 -6 124 6
class 43 -4 53 8
class 14 4 24 16
class 140 7 150 19
class 107 9 117 21
class 11 11 21 23
class 93 11 103 23
class 66 16 76 28
class 128 16 138 28
class 93 17 103 29
class 49 18 59 30
class 193 23 203 35
class 111 27 121 39
class 31 36 41 48
class 136 36 146 48
class 95 40 105 52
class 13 44 23 56
class 157 44 167 56
class 35 46 45 58
class 192 48 202 60
class 185 52 195 64
class 171 55 181 67
class 39 57 49 69
class 178 61 188 73
class 120 71 130 83
class 144 85 154 97
class 96 115 106 127
class 27 117 37 129
class 178 121 188 133
class 79 134 89 146
class 139 134 149 146
class 146 135 156 147
class 52 138 62 150
class 145 138 155 150
class 12 144 22 156
class 24 148 34 160
class 100 152 110 164
class 62 179 72 191
class 26 184 36 196
