class 166 -1 176 11
class 163 4 173 16
class 173 6 183 18
class 121 8 131 20
class 25 9 35 21
class 59 18 69 30
class 18 34 28 46
class 115 34 125 46
class 23 36 33 48
class 8 39 18 51
class 68 45 78 57
class 77 46 87 58
class 55 53 65 65
class 13 57 23 69
class 65 59 75 71
class 158 68 168 80
class 10 69 20 81
class 18 69 28 81
class 118 72 128 84
class 34 73 44 85
class 147 77 157 89
class 163 81 173 93
class 142 83 152 95
class 28 86 38 98
class 155 93 165 105
class 28 96 38 108
class 103 96 113 108
class 94 106 104 118
class 62 113 72 125
class 148 123 158 135
class 160 124 170 136
class 113 131 123 143
class 50 140 60 152
class 104 144 114 156
class 65 165 75 177
class 52 166 62 178
class 25 172 35 184
class 180 178 190 190
class 116 188 126 200
class 91 190 101 202
