class 138 -3 148 9
class 191 0 201 12
class -2 6 8 18
class 102 8 112 20
class 134 16 144 28
class 98 18 108 30
class 54 23 64 35
class 172 30 182 42
class 173 31 183 43
class 3 46 13 58
class 28 48 38 60
class 89 50 99 62
class 146 56 156 68
class 134 59 144 71
class -3 66 7 78
class 65 69 75 81
class 128 70 138 82
class 146 83 156 95
class -2 88 8 100
class 131 88 141 100
class 36 89 46 101
class 39 89 49 101
class 27 90 37 102
class 28 108 38 120
class 91 118 101 130
class 33 127 43 139
class 65 132 75 144
class 143 138 153 150
class 99 140 109 152
class 46 141 56 153
class 11 142 21 154
class 35 143 45 155
class 168 146 178 158
class 5 149 15 161
class 21 150 31 162
class 84 154 94 166
class 113 181 123 193
class 144 187 154 199
class 124 188 134 200
class 188 189 198 201
