class 183 2 193 14
class 164 6 174 18
class 186 6 196 18
class 182 22 192 34
class 119 30 129 42
class 174 35 184 47
class 147 46 157 58
class 152 48 162 60
class 25 53 35 65
class 76 54 86 66
class 14 55 24 67
class 100 56 110 68
class 74 61 84 73
class 1 72 11 84
class 102 77 112 89
class 22 92 32 104
class 181 92 191 104
class 61 96 71 108
class 192 107 202 119
class 157 112 167 124
class 193 118 203 130
class 83 119 93 131
class 87 130 97 142
class 33 137 43 149
class 133 138 143 150
class 151 138 161 150
class 159 138 169 150
class 6 139 16 151
class 194 145 204 157
class 108 149 118 161
class 1 154 11 166
class 9 155 19 167
class 151 159 161 171
class 40 162 50 174
class 168 170 178 182
class 107 171 117 183
class 17 173 27 185
class 100 173 110 185
class 26 185 36 197
class 64 192 74 204
