class 8 -6 18 6
class 51 2 61 14
class 107 2 117 14
class 73 3 83 15
class 109 3 119 15
class 178 3 188 15
class 107 4 117 16
class 188 8 198 20
class 194 11 204 23
class 56 17 66 29
class 93 25 103 37
class 106 26 116 38
class 175 27 185 39
class 17 30 27 42
class 151 34 161 46
class 61 44 71 56
class 128 50 138 62
class 162 53 172 65
class 130 64 140 76
class 114 71 124 83
class 38 74 48 86
class 104 79 114 91
class 89 90 99 102
class 157 91 167 103
class 146 96 156 108
class 65 111 75 123
class 144 112 154 124
class 167 123 177 135
class 59 126 69 138
class 0 128 10 140
class 56 129 66 141
class 94 131 104 143
class 31 137 41 149
class 19 143 29 155
class 48 149 58 161
class 119 155 129 167
class 176 174 186 186
class 113 178 123 190
class 82 189 92 201
class 104 191 114 203
