class 2 5 12 17
class 64 7 74 19
class 152 7 162 19
class 139 9 149 21
class 16 13 26 25
class 170 13 180 25
class 51 22 61 34
class 191 33 201 45
class 69 34 79 46
class 141 34 151 46
class 167 36 177 48
class 55 44 65 56
class 97 46 107 58
class 130 49 140 61
class 50 57 60 69
class -4 59 6 71
class 158 64 168 76
class 62 78 72 90
class 159 84 169 96
class 110 96 120 108
class 188 97 198 109
class 0 104 10 116
class 183 106 193 118
class 80 112 90 124
class 184 112 194 124
class 20 114 30 126
class 114 114 124 126
class 80 118 90 130
class 123 119 133 131
class 60 132 70 144
class 145 142 155 154
class 90 151 100 163
class 161 152 171 164
class 192 159 202 171
class 46 167 56 179
class 95 168 105 180
class -4 180 6 192
class 125 188 135 200
class 53 189 63 201
class 54 191 64 203
