class 174 -5 184 7
class 24 -3 34 9
class 193 1 203 13
class 16 5 26 17
class 106 5 116 17
class 67 6 77 18
class 91 20 101 32
class 83 22 93 34
class 114 22 124 34
class 143 30 153 42
class 48 31 58 43
class 73 31 83 43
class 28 34 38 46
class 74 35 84 47
class 108 51 118 63
class 161 51 171 63
class 122 64 132 76
class 148 68 158 80
class 113 73 123 85
class 31 84 41 96
class 23 87 33 99
class 116 91 126 103
class 178 93 188 105
class 85 97 95 109
class 31 106 41 118
class 52 111 62 123
class 161 113 171 125
class 68 120 78 132
class 75 124 85 136
class 35 131 45 143
class 87 132 97 144
class 169 149 179 161
class 179 150 189 162
class 178 151 188 163
class 84 152 94 164
class 146 152 156 164
class 91 153 101 165
class 89 160 99 172
class 103 167 113 179
class 134 167 144 179
