class 13 -6 23 6
class 31 -4 41 8
class 169 -1 179 11
class 0 0 10 12
class 36 20 46 32
class 180 20 190 32
class 135 21 145 33
class 112 22 122 34
class 111 23 121 35
class 126 33 136 45
class 60 50 70 62
class 64 51 74 63
class 130 65 140 77
class 8 77 18 89
class 15 87 25 99
class 137 88 147 100
class 184 92 194 104
class 145 94 155 106
class 44 95 54 107
class 154 103 164 115
class 83 104 93 116
class 110 109 120 121
class 40 125 50 137
class 40 134 50 146
class 179 138 189 150
class 118 141 128 153
class 86 154 96 166
class 35 155 45 167
class 6 156 16 168
class 20 159 30 171
class 24 161 34 173
class 126 163 136 175
class 187 173 197 185
class 127 174 137 186
class 10 181 20 193
class 80 182 90 194
class 127 182 137 194
class 167 185 177 197
class 135 187 145 199
class 16 189 26 201
