class 3 -4 13 8
class 185 2 195 14
class 69 13 79 25
class 154 14 164 26
class 177 20 187 32
class 67 22 77 34
class 76 34 86 46
class 9 39 19 51
class 96 40 106 52
class 187 43 197 55
class 165 46 175 58
class 175 47 185 59
class 180 47 190 59
class 28 61 38 73
class 163 66 173 78
class 112 71 122 83
class 90 73 100 85
class 27 74 37 86
class 146 83 156 95
class 5 96 15 108
class 85 108 95 120
class 109 113 119 125
class 124 117 134 129
class 126 122 136 134
class 84 124 94 136
class 71 125 81 137
class 142 125 152 137
class 130 128 140 140
class 51 129 61 141
class 84 130 94 142
class 184 132 194 144
class 76 136 86 148
class 82 137 92 149
class 143 138 153 150
class 28 149 38 161
class 179 149 189 161
class 16 166 26 178
class 42 167 52 179
class 175 184 185 196
class 165 185 175 197
