class 68 -5 78 7
class 80 -4 90 8
class 176 -3 186 9
class 129 4 139 16
class 85 8 95 20
class 29 21 39 33
class 100 23 110 35
class 81 25 91 37
class 98 26 108 38
class 139 28 149 40
class 130 39 140 51
class 170 41 180 53
class 105 45 115 57
class 144 47 154 59
class 97 49 107 61
class 188 51 198 63
class 69 52 79 64
class 80 53 90 65
class 61 54 71 66
class 103 54 113 66
class 129 62 139 74
class 86 65 96 77
class 41 77 51 89
class 120 84 130 96
class 11 108 21 120
class 178 115 188 127
class 153 122 163 134
class 189 125 199 137
class 88 126 98 138
class 26 128 36 140
class 85 129 95 141
class 53 140 63 152
class 81 140 91 152
class 59 142 69 154
class 189 157 199 169
class 96 174 106 186
class 135 176 145 188
class 130 177 140 189
class -4 186 6 198
class 83 193 93 205
