class 178 -5 188 7
class 176 -4 186 8
class 153 1 163 13
class 74 5 84 17
class 151 5 161 17
class 100 15 110 27
class 182 16 192 28
class 48 29 58 41
class 122 48 132 60
class 39 52 49 64
class 72 57 82 69
class 156 58 166 70
class 64 60 74 72
class 30 66 40 78
class 61 67 71 79
class 111 75 121 87
class 6 77 16 89
class 164 77 174 89
class 18 87 28 99
class 85 97 95 109
class 78 98 88 110
class 146 100 156 112
class 182 105 192 117
class 62 108 72 120
class 66 108 76 120
class 64 111 74 123
class 85 112 95 124
class 47 115 57 127
class 178 120 188 132
class 58 125 68 137
class 150 133 160 145
class 9 138 19 150
class 100 146 110 158
class 40 147 50 159
class 171 149 181 161
class 145 155 155 167
class 127 158 137 170
class -3 171 7 183
class 130 175 140 187
class 12 184 22 196
