class 139 3 149 15
class 31 12 41 24
class 120 17 130 29
class 7 20 17 32
class 40 24 50 36
class 193 30 203 42
class 6 32 16 44
class 115 45 125 57
class -5 50 5 62
class 81 51 91 63
class 56 59 66 71
class 96 59 106 71
class 157 66 167 78
class 58 68 68 80
class -1 72 9 84
class 46 72 56 84
class 161 73 171 85
class 5 79 15 91
class 192 89 202 101
class 49 95 59 107
class 135 100 145 112
class 21 107 31 119
class 65 107 75 119
class 136 112 146 124
class 2 126 12 138
class 92 126 102 138
class 150 133 160 145
class 62 137 72 149
class 126 140 136 152
class 136 142 146 154
class 20 143 30 155
class 140 159 150 171
class 28 164 38 176
class 79 165 89 177
class 108 169 118 181
class 162 171 172 183
class 135 172 145 184
class 109 179 119 191
class 117 179 127 191
class 128 184 138 196
