class 7 9 17 21
class 154 15 164 27
class 3 19 13 31
class 97 27 107 39
class 145 31 155 43
class 65 34 75 46
class 8 45 18 57
class 127 53 137 65
class 176 53 186 65
class 108 55 118 67
class 125 60 135 72
class 191 60 201 72
class 88 64 98 76
class 27 66 37 78
class 15 73 25 85
class 37 79 47 91
class 137 102 147 114
class 83 103 93 115
class 88 104 98 116
class 72 109 82 121
class 149 110 159 122
class 85 117 95 129
class 46 124 56 136
class 60 128 70 140
class 86 128 96 140
class 185 131 195 143
class 154 135 164 147
class 82 136 92 148
class 181 150 191 162
class 1 154 11 166
class 16 155 26 167
class 36 159 46 171
class 149 166 159 178
class 28 168 38 180
class 193 172 203 184
class 159 173 169 185
class 16 181 26 193
class 150 182 160 194
class 158 185 168 197
class 130 189 140 201
