class 19 2 29 14
class 0 9 10 21
class 38 9 48 21
class 171 12 181 24
class 112 15 122 27
class 19 18 29 30
class 16 20 26 32
class 134 25 144 37
class 62 26 72 38
class 39 32 49 44
class 157 32 167 44
class 181 37 191 49
class 71 41 81 53
class 172 43 182 55
class 23 55 33 67
class 165 63 175 75
class 29 74 39 86
class 191 74 201 86
class 163 75 173 87
class 34 80 44 92
class 72 89 82 101
class 75 89 85 101
class 61 92 71 104
class 67 116 77 128
class 47 122 57 134
class 149 122 159 134
class 34 124 44 136
class 8 125 18 137
class 95 130 105 142
class 114 134 124 146
class 84 139 94 151
class 108 142 118 154
class 23 153 33 165
class 73 153 83 165
class 107 153 117 165
class 115 170 125 182
class 12 175 22 187
class 36 179 46 191
class 146 182 156 194
class -4 186 6 198
