class 170 -5 180 7
class 76 -1 86 11
class 59 9 69 21
class 91 17 101 29
class 66 45 76 57
class 115 58 125 70
class 94 59 104 71
class 180 62 190 74
class 149 67 159 79
class 124 70 134 82
class 9 72 19 84
class 10 73 20 85
class 166 73 176 85
class 40 79 50 91
class 72 85 82 97
class 15 87 25 99
class 72 95 82 107
class 0 110 10 122
class 73 111 83 123
class 16 119 26 131
class 56 120 66 132
class 162 123 172 135
class 55 126 65 138
class 102 126 112 138
class 128 126 138 138
class 27 130 37 142
class 131 143 141 155
class 88 144 98 156
class -2 146 8 158
class 111 155 121 167
class 185 155 195 167
class 9 161 19 173
class 138 166 148 178
class 110 167 120 179
class 171 169 181 181
class 33 176 43 188
class 139 176 149 188
class 107 184 117 196
class 136 187 146 199
class 107 192 117 204
