class 166 -4 176 8
class 120 1 130 13
class 192 6 202 18
class 173 7 183 19
class 191 7 201 19
class 162 10 172 22
class 89 17 99 29
class 131 17 141 29
class 76 30 86 42
class 173 34 183 46
class 183 43 193 55
class 165 52 175 64
class 54 53 64 65
class 79 56 89 68
class -3 63 7 75
class 157 64 167 76
class 19 68 29 80
class 48 94 58 106
class 127 96 137 108
class 130 96 140 108
class 35 109 45 121
class 146 109 156 121
class 152 110 162 122
class 134 117 144 129
class 168 121 178 133
class 2 124 12 136
class 54 134 64 146
class 151 135 161 147
class 178 142 188 154
class 147 143 157 155
class 103 149 113 161
class 134 153 144 165
class 113 155 123 167
class 11 159 21 171
class 174 163 184 175
class 80 166 90 178
class 38 167 48 179
class 162 168 172 180
class 178 188 188 200
class 1 193 11 205
