class 57 -1 67 11
class 65 0 75 12
class 18 1 28 13
class 21 3 31 15
class 68 10 78 22
class 9 19 19 31
class 142 19 152 31
class 133 25 143 37
class 104 31 114 43
class 124 32 134 44
class 117 42 127 54
class 176 45 186 57
class 113 47 123 59
class 20 53 30 65
class 169 60 179 72
class 176 71 186 83
class 171 81 181 93
class 109 86 119 98
class 157 88 167 100
class -4 94 6 106
class 52 101 62 113
class 129 102 139 114
class -4 105 6 117
class 3 105 13 117
class 138 110 148 122
class 79 123 89 135
class 127 135 137 147
class 152 135 162 147
class 119 137 129 149
class 170 145 180 157
class 35 147 45 159
class 97 155 107 167
class 165 158 175 170
class 179 158 189 170
class 112 168 122 180
class 182 170 192 182
class 149 182 159 194
class 93 186 103 198
class 19 190 29 202
class 183 190 193 202
