class 177 -6 187 6
class 155 0 165 12
class 45 4 55 16
class 25 9 35 21
class 159 9 169 21
class 164 11 174 23
class 52 14 62 26
class 78 14 88 26
class 175 19 185 31
class 187 20 197 32
class 102 30 112 42
class 38 32 48 44
class 110 33 120 45
class 73 36 83 48
class 50 37 60 49
class 178 46 188 58
class 95 72 105 84
class 74 74 84 86
class 112 88 122 100
class 126 97 136 109
class 77 106 87 118
class 47 114 57 126
class 7 123 17 135
class 10 125 20 137
class 45 125 55 137
class 142 126 152 138
class 63 132 73 144
class 181 146 191 158
class 130 148 140 160
class 159 150 169 162
class 73 160 83 172
class 5 169 15 181
class 98 169 108 181
class 86 171 96 183
class 80 173 90 185
class 99 173 109 185
class 81 178 91 190
class 26 179 36 191
class 91 185 101 197
class 176 188 186 200
