class 66 12 76 24
class 128 16 138 28
class 168 20 178 32
class 84 21 94 33
class 120 36 130 48
class 158 42 168 54
class 123 43 133 55
class 25 51 35 63
class 59 63 69 75
class -2 64 8 76
class 12 77 22 89
class 192 77 202 89
class 104 81 114 93
class 74 86 84 98
class 78 89 88 101
class 39 93 49 105
class 52 96 62 108
class 68 108 78 120
class 91 112 101 124
class 110 115 120 127
class 169 118 179 130
class 149 122 159 134
class 149 123 159 135
class 139 127 149 139
class 150 134 160 146
class 86 135 96 147
class 45 143 55 155
class 12 146 22 158
class 0 147 10 159
class 90 147 100 159
class 68 154 78 166
class 22 155 32 167
class 153 157 163 169
class 184 162 194 174
class 96 164 106 176
class 68 174 78 186
class 149 178 159 190
class -1 181 9 193
class 100 182 110 194
class 174 184 184 196
