class 103 1 113 13
class 6 6 16 18
class -3 9 7 21
class 101 9 111 21
class 146 9 156 21
class 76 22 86 34
class 157 24 167 36
class 18 29 28 41
class 61 31 71 43
class 169 32 179 44
class 12 33 22 45
class 175 33 185 45
class 53 34 63 46
class 150 40 160 52
class 189 75 199 87
class 2 97 12 109
class 108 106 118 118
class 176 107 186 119
class 183 114 193 126
class 31 119 41 131
class 165 123 175 135
class 73 124 83 136
class 186 128 196 140
class 128 137 138 149
class 1 139 11 151
class 108 139 118 151
class 82 144 92 156
class 22 148 32 160
class 22 156 32 168
class 117 156 127 168
class 89 158 99 170
class 167 165 177 177
class 128 166 138 178
class 10 173 20 185
class 175 173 185 185
class 29 175 39 187
class 181 179 191 191
class 174 182 184 194
class 17 193 27 205
class 95 193 105 205
