class 124 -6 134 6
class 18 -3 28 9
class 56 5 66 17
class 90 7 100 19
class 93 21 103 33
class 17 27 27 39
class 190 28 200 40
class 151 29 161 41
class 101 31 111 43
class 150 31 160 43
class 144 34 154 46
class 14 35 24 47
class 123 55 133 67
class 44 56 54 68
class 90 58 100 70
class 75 59 85 71
class 99 60 109 72
class 99 64 109 76
class 191 78 201 90
class 32 82 42 94
class 13 85 23 97
class 162 89 172 101
class 20 94 30 106
class 42 94 52 106
class 177 94 187 106
class 178 112 188 124
class 136 113 146 125
class 47 120 57 132
class 179 141 189 153
class 52 143 62 155
class 143 147 153 159
class 103 153 113 165
class -2 156 8 168
class 107 157 117 169
class 185 161 195 173
class 121 164 131 176
class 147 177 157 189
class 164 180 174 192
class 146 181 156 193
class 65 191 75 203
