class 149 -2 159 10
class 20 5 30 17
class 177 7 187 19
class 118 14 128 26
class 22 22 32 34
class 159 23 169 35
class 62 29 72 41
class 177 35 187 47
class 151 36 161 48
class 191 43 201 55
class 105 44 115 56
class 35 47 45 59
class 183 48 193 60
class 121 51 131 63
class 97 56 107 68
class 167 71 177 83
class 4 77 14 89
class 155 86 165 98
class 110 87 120 99
class 113 89 123 101
class 44 96 54 108
class 174 102 184 114
class 81 104 91 116
class 181 107 191 119
class 131 123 141 135
class 135 135 145 147
class 23 140 33 152
class 58 146 68 158
class 75 150 85 162
class 133 155 143 167
class 58 157 68 169
class 31 160 41 172
class 155 163 165 175
class 37 167 47 179
class 48 170 58 182
class 181 170 191 182
class 16 171 26 183
class 9 181 19 193
class 165 183 175 195
class 158 191 168 203
