class 168 -5 178 7
class 190 -1 200 11
class 87 6 97 18
class 173 13 183 25
class 190 19 200 31
class 98 22 108 34
class 18 30 28 42
class -5 37 5 49
class 3 37 13 49
class 138 37 148 49
class 57 45 67 57
class 62 52 72 64
class 188 53 198 65
class 129 61 139 73
class 168 67 178 79
class 89 72 99 84
class 77 79 87 91
class 163 83 173 95
class 44 84 54 96
class 112 85 122 97
class 97 91 107 103
class 182 105 192 117
class 121 106 131 118
class 161 106 171 118
class 182 110 192 122
class 85 118 95 130
class 3 121 13 133
class 35 122 45 134
class 182 123 192 135
class 4 141 14 153
class 60 142 70 154
class 167 143 177 155
class 21 147 31 159
class 157 151 167 163
class 193 162 203 174
class 9 165 19 177
class 126 174 136 186
class 71 176 81 188
class 144 193 154 205
class 190 193 200 205
