class 54 3 64 15
class 123 6 133 18
class 9 9 19 21
class 1 13 11 25
class 131 15 141 27
class 51 16 61 28
class 140 24 150 36
class 0 26 10 38
class 59 27 69 39
class 31 41 41 53
class 42 42 52 54
class 1 59 11 71
class 74 66 84 78
class 18 67 28 79
class 144 68 154 80
class 5 71 15 83
class 16 75 26 87
class 179 77 189 89
class 126 83 136 95
class 187 86 197 98
class 137 90 147 102
class 46 106 56 118
class 101 113 111 125
class 153 113 163 125
class 123 115 133 127
class 137 117 147 129
class 45 127 55 139
class 58 127 68 139
class -5 132 5 144
class 36 147 46 159
class 122 153 132 165
class 146 158 156 170
class 118 164 128 176
class 159 164 169 176
class 27 173 37 185
class 51 179 61 191
class 34 181 44 193
class 187 189 197 201
class 27 193 37 205
class 72 193 82 205
