class 131 -2 141 10
class 17 -1 27 11
class 103 4 113 16
class 74 21 84 33
class 126 23 136 35
class 145 23 155 35
class 133 28 143 40
class 96 30 106 42
class 118 34 128 46
class 22 36 32 48
class 66 36 76 48
class 170 39 180 51
class 90 50 100 62
class 79 53 89 65
class 0 57 10 69
class 47 68 57 80
class 86 70 96 82
class 11 73 21 85
class 173 79 183 91
class 173 84 183 96
class 37 87 47 99
class 132 102 142 114
class 71 106 81 118
class 132 113 142 125
class 162 115 172 127
class 112 119 122 131
class 150 134 160 146
class 153 136 163 148
class 62 143 72 155
class 67 149 77 161
class 11 160 21 172
class 183 164 193 176
class 155 166 165 178
class 182 166 192 178
class 189 171 199 183
class 148 175 158 187
class 164 181 174 193
class 31 186 41 198
class 50 188 60 200
class 84 188 94 200
