class 47 -2 57 10
class 35 8 45 20
class 187 15 197 27
class 27 21 37 33
class 150 24 160 36
class 168 29 178 41
class -4 39 6 51
class 83 60 93 72
class 141 65 151 77
class 18 71 28 83
class 28 80 38 92
class 185 82 195 94
class 45 83 55 95
class 131 88 141 100
class 61 91 71 103
class 169 99 179 111
class 169 122 179 134
class 173 125 183 137
class 153 126 163 138
class 75 142 85 154
class 40 143 50 155
class 13 144 23 156
class 160 147 170 159
class 162 147 172 159
class -2 154 8 166
class 136 162 146 174
class 147 163 157 175
class 49 166 59 178
class 31 167 41 179
class 118 170 128 182
class 76 173 86 185
class 170 175 180 187
class 83 180 93 192
class 84 183 94 195
class 15 184 25 196
class 24 186 34 198
class 17 187 27 199
class 34 188 44 200
class 139 190 149 202
class 74 193 84 205
