class 44 -5 54 7
class 141 6 151 18
class 41 11 51 23
class 140 19 150 31
class 34 34 44 46
class 112 35 122 47
class 142 44 152 56
class 113 63 123 75
class 166 68 176 80
class 19 76 29 88
class 37 80 47 92
class 160 80 170 92
class 111 84 121 96
class 173 91 183 103
class 117 96 127 108
class 172 106 182 118
class 125 115 135 127
class 140 119 150 131
class 78 127 88 139
class 179 133 189 145
class 65 135 75 147
class 131 142 141 154
class 116 149 126 161
class 129 153 139 165
class 89 157 99 169
class 45 160 55 172
class 12 164 22 176
class 158 167 168 179
class 86 171 96 183
class 95 172 105 184
class 28 173 38 185
class 167 173 177 185
class 6 178 16 190
class 170 178 180 190
class 50 179 60 191
class 61 179 71 191
class 140 180 150 192
class 38 182 48 194
class 97 185 107 197
class 146 187 156 199
