class 126 -6 136 6
class 175 1 185 13
class 67 4 77 16
class 76 7 86 19
class 85 7 95 19
class 167 15 177 27
class 3 24 13 36
class 153 28 163 40
class 52 29 62 41
class 8 30 18 42
class 159 31 169 43
class 12 54 22 66
class 73 55 83 67
class 35 68 45 80
class 9 73 19 85
class -1 76 9 88
class 115 88 125 100
class 175 89 185 101
class -2 97 8 109
class 67 100 77 112
class 110 101 120 113
class 24 102 34 114
class 100 109 110 121
class -5 116 5 128
class 131 118 141 130
class 160 120 170 132
class 117 122 127 134
class 155 127 165 139
class 19 129 29 141
class 18 140 28 152
class 129 152 139 164
class 42 157 52 169
class 10 160 20 172
class 56 160 66 172
class 2 167 12 179
class 71 181 81 193
class 128 183 138 195
class 160 185 170 197
class 32 186 42 198
class 178 189 188 201
