class 51 -6 61 6
class 184 -4 194 8
class 144 -3 154 9
class 54 3 64 15
class 129 8 139 20
class 65 14 75 26
class 117 14 127 26
class 144 14 154 26
class 79 20 89 32
class 10 29 20 41
class 21 30 31 42
class 155 49 165 61
class 107 55 117 67
class 45 69 55 81
class 29 74 39 86
class 141 92 151 104
class 9 94 19 106
class 106 94 116 106
class 132 96 142 108
class 101 106 111 118
class 124 108 134 120
class 63 118 73 130
class 5 130 15 142
class 140 130 150 142
class 28 131 38 143
class 186 132 196 144
class 130 139 140 151
class 115 145 125 157
class 48 147 58 159
class 3 148 13 160
class 35 153 45 165
class 30 165 40 177
class 41 168 51 180
class 132 173 142 185
class 169 173 179 185
class 57 174 67 186
class 170 177 180 189
class 19 179 29 191
class 158 181 168 193
class 63 185 73 197
