class 110 0 120 12
class 144 5 154 17
class 11 15 21 27
class 146 16 156 28
class 114 19 124 31
class 30 20 40 32
class 175 24 185 36
class 140 26 150 38
class 105 28 115 40
class 182 31 192 43
class 141 32 151 44
class 32 35 42 47
class 25 37 35 49
class 107 42 117 54
class 180 46 190 58
class 46 72 56 84
class 135 72 145 84
class 88 79 98 91
class 23 83 33 95
class 49 92 59 104
class 40 95 50 107
class 84 96 94 108
class 143 96 153 108
class 120 97 130 109
class 63 108 73 120
class 108 111 118 123
class 112 116 122 128
class 18 126 28 138
class 27 126 37 138
class 193 135 203 147
class 42 140 52 152
class 100 150 110 162
class 135 166 145 178
class 114 173 124 185
class 184 175 194 187
class 69 179 79 191
class 33 183 43 195
class 92 185 102 197
class 176 186 186 198
class 180 187 190 199
