class 61 -6 71 6
class 43 7 53 19
class 107 9 117 21
class 150 19 160 31
class 112 24 122 36
class 69 25 79 37
class 151 25 161 37
class 65 27 75 39
class 33 30 43 42
class 104 31 114 43
class 66 32 76 44
class 122 41 132 53
class 164 45 174 57
class 4 47 14 59
class 95 48 105 60
class 30 52 40 64
class 179 55 189 67
class 4 67 14 79
class 107 81 117 93
class 186 92 196 104
class 141 93 151 105
class 31 135 41 147
class 91 139 101 151
class 85 141 95 153
class 29 152 39 164
class 47 155 57 167
class 158 158 168 170
class 179 161 189 173
class 55 166 65 178
class 179 167 189 179
class 108 168 118 180
class 45 170 55 182
class 27 173 37 185
class 43 173 53 185
class 181 174 191 186
class 125 181 135 193
class 109 183 119 195
class 107 184 117 196
class 140 184 150 196
class 55 186 65 198
