class 140 -1 150 11
class 127 1 137 13
class 138 4 148 16
class 162 6 172 18
class 172 6 182 18
class 21 8 31 20
class 150 13 160 25
class 3 18 13 30
class 134 24 144 36
class 105 25 115 37
class -2 30 8 42
class 111 35 121 47
class 177 43 187 55
class 32 44 42 56
class 37 44 47 56
class 33 47 43 59
class 22 59 32 71
class 132 62 142 74
class 29 65 39 77
class 98 73 108 85
class 42 75 52 87
class 20 81 30 93
class 107 81 117 93
class 90 82 100 94
class 53 88 63 100
class 136 90 146 102
class 89 103 99 115
class 122 108 132 120
class 161 108 171 120
class 192 121 202 133
class 68 126 78 138
class 191 134 201 146
class 78 137 88 149
class 157 137 167 149
class 179 150 189 162
class 90 161 100 173
class 72 163 82 175
class 168 167 178 179
class 119 174 129 186
class 162 182 172 194
