class 89 -5 99 7
class 144 -3 154 9
class 164 2 174 14
class 38 3 48 15
class 193 10 203 22
class 16 25 26 37
class 20 32 30 44
class 34 39 44 51
class 162 40 172 52
class 163 50 173 62
class 110 51 120 63
class 92 57 102 69
class 134 58 144 70
class 170 59 180 71
class 97 61 107 73
class 25 67 35 79
class 71 74 81 86
class 99 85 109 97
class 161 88 171 100
class -1 96 9 108
class 36 120 46 132
class 16 128 26 140
class 51 135 61 147
class 118 135 128 147
class 20 137 30 149
class 118 139 128 151
class 177 146 187 158
class 180 163 190 175
class 172 165 182 177
class 97 167 107 179
class 154 169 164 181
class 67 170 77 182
class 36 177 46 189
class 120 177 130 189
class 192 177 202 189
class 80 186 90 198
class 58 187 68 199
class 16 188 26 200
class 106 188 116 200
class 125 193 135 205
