class 65 13 75 25
class 41 20 51 32
class 173 24 183 36
class 109 31 119 43
class 140 37 150 49
class 187 49 197 61
class 155 50 165 62
class 6 55 16 67
class 25 59 35 71
class 4 61 14 73
class 59 66 69 78
class 4 69 14 81
class 52 71 62 83
class 71 75 81 87
class 106 77 116 89
class 190 79 200 91
class 128 80 138 92
class 41 83 51 95
class 102 85 112 97
class 146 88 156 100
class 189 93 199 105
class 97 94 107 106
class 162 107 172 119
class 98 114 108 126
class 176 119 186 131
class 119 122 129 134
class 116 125 126 137
class 121 127 131 139
class 56 134 66 146
class 40 139 50 151
class 95 147 105 159
class 105 147 115 159
class 31 154 41 166
class 57 155 67 167
class 98 164 108 176
class 30 176 40 188
class 181 178 191 190
class 164 182 174 194
class 176 182 186 194
class 13 188 23 200
