class 55 -3 65 9
class 13 4 23 16
class 41 23 51 35
class 160 27 170 39
class 180 29 190 41
class 39 33 49 45
class 81 45 91 57
class -3 47 7 59
class 25 50 35 62
class 63 53 73 65
class 96 59 106 71
class 13 70 23 82
class 22 70 32 82
class 139 80 149 92
class 145 82 155 94
class 43 86 53 98
class 25 88 35 100
class 142 97 152 109
class 146 97 156 109
class 92 101 102 113
class 62 113 72 125
class 77 116 87 128
class 12 122 22 134
class 153 130 163 142
class 49 136 59 148
class 6 137 16 149
class 155 140 165 152
class 55 151 65 163
class 74 151 84 163
class 93 151 103 163
class 108 151 118 163
class 110 158 120 170
class 120 158 130 170
class 108 164 118 176
class 41 173 51 185
class 180 175 190 187
class 48 180 58 192
class 28 187 38 199
class 159 190 169 202
class 133 191 143 203
