class 104 -6 114 6
class 64 -2 74 10
class 98 1 108 13
class 44 16 54 28
class 176 21 186 33
class 15 35 25 47
class 194 48 204 60
class 113 52 123 64
class 80 61 90 73
class 34 62 44 74
class 63 73 73 85
class 133 73 143 85
class 114 74 124 86
class 128 80 138 92
class 129 83 139 95
class 93 89 103 101
class 59 100 69 112
class 99 105 109 117
class 62 106 72 118
class 137 106 147 118
class 155 119 165 131
class 90 125 100 137
class 153 125 163 137
class 134 131 144 143
class 80 134 90 146
class 27 138 37 150
class 13 144 23 156
class 160 151 170 163
class 121 160 131 172
class 189 162 199 174
class 101 165 111 177
class 107 168 117 180
class 60 169 70 181
class 171 173 181 185
class 134 175 144 187
class 117 177 127 189
class 118 180 128 192
class 45 185 55 197
class 4 188 14 200
class 112 188 122 200
