class 24 -2 34 10
class 64 9 74 21
class 86 11 96 23
class 168 20 178 32
class 131 22 141 34
class 57 24 67 36
class 57 25 67 37
class 92 33 102 45
class 106 35 116 47
class 129 47 139 59
class 151 48 161 60
class 120 55 130 67
class 113 57 123 69
class 62 62 72 74
class 134 68 144 80
class 166 77 176 89
class 107 87 117 99
class 78 90 88 102
class 175 91 185 103
class 3 92 13 104
class 27 94 37 106
class 47 96 57 108
class 161 102 171 114
class 129 103 139 115
class 180 106 190 118
class -4 125 6 137
class 21 125 31 137
class 79 126 89 138
class 179 128 189 140
class 13 136 23 148
class 38 143 48 155
class 48 145 58 157
class 7 150 17 162
class 159 152 169 164
class 91 157 101 169
class 191 164 201 176
class 140 170 150 182
class 152 175 162 187
class 23 178 33 190
class -4 188 6 200
