class 184 -2 194 10
class 169 10 179 22
class 90 11 100 23
class 158 12 168 24
class 107 16 117 28
class 103 18 113 30
class 77 21 87 33
class 67 32 77 44
class 108 32 118 44
class 9 53 19 65
class 10 62 20 74
class 35 66 45 78
class 25 69 35 81
class 33 80 43 92
class 115 80 125 92
class 88 82 98 94
class 191 94 201 106
class 175 97 185 109
class 30 100 40 112
class 126 102 136 114
class 96 120 106 132
class 69 121 79 133
class 10 129 20 141
class 12 135 22 147
class 62 135 72 147
class 63 139 73 151
class 90 140 100 152
class 155 143 165 155
class 160 143 170 155
class 32 144 42 156
class 92 150 102 162
class 157 163 167 175
class 85 170 95 182
class 186 170 196 182
class 49 174 59 186
class 146 175 156 187
class 99 177 109 189
class 80 180 90 192
class 42 182 52 194
class 131 187 141 199
