class 248 -5 258 7
class 130 4 140 16
class 224 32 234 44
class 37 43 47 55
class 230 53 240 65
class 77 54 87 66
class 39 58 49 70
class 34 89 44 101
class 258 96 268 108
class 28 99 38 111
class 39 102 49 114
class 257 105 267 117
class 131 111 141 123
class 174 116 184 128
class 65 128 75 140
class 12 146 22 158
class 101 155 111 167
class 136 169 146 181
class 136 172 146 184
class 264 173 274 185
class 181 177 191 189
class 195 182 205 194
class 103 185 113 197
class 76 189 86 201
class 188 191 198 203
class 58 195 68 207
class 220 198 230 210
class 243 206 253 218
class 180 208 190 220
class 136 214 146 226
class 236 220 246 232
class 105 232 115 244
class 29 233 39 245
class 215 246 225 258
class 152 268 162 280
class 148 271 158 283
class 212 271 222 283
class 151 283 161 295
class 65 287 75 299
class 49 288 59 300
