class 60 10 70 22
class 198 10 208 22
class 119 21 129 33
class 117 26 127 38
class 84 31 94 43
class 104 38 114 50
class 188 40 198 52
class 210 50 220 62
class 286 54 296 66
class 21 55 31 67
class 25 55 35 67
class 125 59 135 71
class 192 63 202 75
class 204 69 214 81
class 216 73 226 85
class 204 84 214 96
class 269 92 279 104
class 283 93 293 105
class 184 94 194 106
class 272 97 282 109
class 277 99 287 111
class 11 123 21 135
class 274 124 284 136
class 73 139 83 151
class 17 191 27 203
class 137 198 147 210
class 193 204 203 216
class 292 214 302 226
class 34 225 44 237
class 231 225 241 237
class 100 226 110 238
class 0 231 10 243
class 87 232 97 244
class 151 233 161 245
class 196 235 206 247
class 266 256 276 268
class 218 259 228 271
class 291 278 301 290
class 27 285 37 297
class 139 286 149 298
