class 204 8 214 20
class 181 13 191 25
class 285 27 295 39
class 91 31 101 43
class 213 43 223 55
class 86 53 96 65
class 204 63 214 75
class 246 86 256 98
class 227 88 237 100
class 166 93 176 105
class 89 94 99 106
class 199 96 209 108
class 205 101 215 113
class 286 101 296 113
class 86 106 96 118
class 245 117 255 129
class 33 128 43 140
class 58 128 68 140
class 117 132 127 144
class 164 138 174 150
class 285 147 295 159
class 81 152 91 164
class 143 166 153 178
class 109 180 119 192
class 112 182 122 194
class 139 193 149 205
class 216 208 226 220
class 207 211 217 223
class 253 218 263 230
class 190 228 200 240
class 60 229 70 241
class 220 230 230 242
class 238 241 248 253
class 293 241 303 253
class 163 258 173 270
class 241 261 251 273
class 8 269 18 281
class 230 282 240 294
class 178 290 188 302
class 187 293 197 305
