class 175 -3 185 9
class 254 15 264 27
class 226 21 236 33
class 250 21 260 33
class 233 22 243 34
class 187 23 197 35
class 45 26 55 38
class 153 26 163 38
class 241 33 251 45
class 39 34 49 46
class 207 47 217 59
class 55 48 65 60
class 121 51 131 63
class 22 59 32 71
class 165 78 175 90
class 75 87 85 99
class 72 96 82 108
class 218 103 228 115
class 169 112 179 124
class 109 115 119 127
class 89 116 99 128
class 175 123 185 135
class 124 140 134 152
class 6 145 16 157
class 252 175 262 187
class 248 182 258 194
class 45 188 55 200
class 206 188 216 200
class 214 196 224 208
class 165 199 175 211
class 100 207 110 219
class -4 228 6 240
class 29 229 39 241
class 214 243 224 255
class 224 253 234 265
class 255 253 265 265
class 141 258 151 270
class 240 260 250 272
class 122 263 132 275
class 168 268 178 280
