class 77 2 87 14
class 226 6 236 18
class 282 11 292 23
class 223 28 233 40
class 264 37 274 49
class 196 57 206 69
class 59 58 69 70
class 169 69 179 81
class 26 70 36 82
class 108 70 118 82
class 158 81 168 93
class 271 86 281 98
class 3 96 13 108
class 250 97 260 109
class 34 107 44 119
class 23 113 33 125
class 21 128 31 140
class 274 132 284 144
class 8 135 18 147
class 11 136 21 148
class 7 139 17 151
class 252 153 262 165
class 287 155 297 167
class 44 159 54 171
class 271 170 281 182
class 158 173 168 185
class 272 178 282 190
class 264 182 274 194
class 240 188 250 200
class 104 194 114 206
class 177 205 187 217
class 163 206 173 218
class 61 213 71 225
class 43 231 53 243
class 106 237 116 249
class 94 248 104 260
class 32 267 42 279
class 99 277 109 289
class 99 280 109 292
class 131 283 141 295
