class 70 2 80 14
class 201 2 211 14
class 99 30 109 42
class 230 50 240 62
class 68 53 78 65
class 285 53 295 65
class 278 55 288 67
class 245 57 255 69
class 94 62 104 74
class 139 71 149 83
class 287 91 297 103
class 152 97 162 109
class 219 99 229 111
class 71 102 81 114
class 70 109 80 121
class 104 119 114 131
class 285 131 295 143
class 200 137 210 149
class 175 139 185 151
class 121 145 131 157
class 0 151 10 163
class 253 153 263 165
class 159 154 169 166
class 61 158 71 170
class 190 161 200 173
class 10 194 20 206
class 250 202 260 214
class 21 209 31 221
class 201 212 211 224
class 155 220 165 232
class 151 239 161 251
class 278 247 288 259
class 74 248 84 260
class 229 251 239 263
class 67 253 77 265
class 49 255 59 267
class 220 255 230 267
class 97 257 107 269
class 37 259 47 271
class 260 280 270 292
