class 87 1 97 13
class 82 2 92 14
class 125 16 135 28
class 219 20 229 32
class 139 28 149 40
class 41 35 51 47
class 182 47 192 59
class 251 75 261 87
class 56 76 66 88
class 218 78 228 90
class 227 88 237 100
class 177 93 187 105
class 187 94 197 106
class 213 103 223 115
class 252 110 262 122
class 163 115 173 127
class 158 123 168 135
class 189 141 199 153
class 207 178 217 190
class 37 184 47 196
class 183 184 193 196
class 69 187 79 199
class 85 198 95 210
class 235 199 245 211
class 151 209 161 221
class 250 216 260 228
class 195 233 205 245
class 55 238 65 250
class 291 239 301 251
class 105 242 115 254
class 7 244 17 256
class 146 251 156 263
class 177 251 187 263
class 110 261 120 273
class 37 269 47 281
class 133 269 143 281
class 147 269 157 281
class 275 281 285 293
class -1 283 9 295
class 129 291 139 303
