class 44 -5 54 7
class 167 9 177 21
class 142 11 152 23
class 101 19 111 31
class 61 21 71 33
class 46 36 56 48
class 96 47 106 59
class 93 56 103 68
class 27 67 37 79
class 194 71 204 83
class 87 83 97 95
class 148 88 158 100
class 111 94 121 106
class 235 122 245 134
class 133 133 143 145
class 277 136 287 148
class 276 143 286 155
class 179 148 189 160
class 4 152 14 164
class 74 164 84 176
class 280 164 290 176
class 137 165 147 177
class 287 165 297 177
class 161 176 171 188
class 122 177 132 189
class 190 183 200 195
class 97 201 107 213
class 188 201 198 213
class 266 203 276 215
class 48 229 58 241
class 36 234 46 246
class 131 236 141 248
class 249 239 259 251
class 119 240 129 252
class 206 244 216 256
class 15 251 25 263
class 48 261 58 273
class 137 269 147 281
class 222 285 232 297
class 166 286 176 298
