class 8 -6 18 6
class 217 -4 227 8
class 271 3 281 15
class 26 11 36 23
class 85 12 95 24
class 232 17 242 29
class 202 32 212 44
class 47 39 57 51
class 217 42 227 54
class 219 48 229 60
class 18 67 28 79
class 168 103 178 115
class 85 132 95 144
class 274 133 284 145
class 234 138 244 150
class 123 140 133 152
class 94 147 104 159
class 74 172 84 184
class 96 175 106 187
class 179 176 189 188
class 222 179 232 191
class 4 180 14 192
class 132 185 142 197
class 31 190 41 202
class 46 191 56 203
class 32 197 42 209
class 67 205 77 217
class 119 209 129 221
class 19 214 29 226
class 138 217 148 229
class 218 218 228 230
class 249 240 259 252
class 44 254 54 266
class 267 255 277 267
class 60 268 70 280
class 274 269 284 281
class 112 270 122 282
class 207 270 217 282
class 269 270 279 282
class 171 273 181 285
