class 11 -5 21 7
class 137 -4 147 8
class 272 -2 282 10
class 246 2 256 14
class 47 3 57 15
class 292 17 302 29
class 187 25 197 37
class 92 27 102 39
class 227 35 237 47
class 269 35 279 47
class 65 41 75 53
class 46 44 56 56
class 140 44 150 56
class 275 46 285 58
class 200 47 210 59
class 10 68 20 80
class 194 69 204 81
class 242 72 252 84
class 163 88 173 100
class 85 98 95 110
class 14 105 24 117
class 25 120 35 132
class 119 121 129 133
class 12 122 22 134
class 45 135 55 147
class 45 140 55 152
class 173 140 183 152
class 114 143 124 155
class 265 151 275 163
class 233 166 243 178
class 43 193 53 205
class 31 194 41 206
class 210 194 220 206
class 163 207 173 219
class 95 209 105 221
class 39 217 49 229
class 230 230 240 242
class 70 258 80 270
class 25 267 35 279
class 58 280 68 292
