class 108 12 118 24
class 6 16 16 28
class 224 24 234 36
class 152 34 162 46
class 105 39 115 51
class 221 44 231 56
class 265 45 275 57
class 47 51 57 63
class 132 82 142 94
class 289 88 299 100
class 215 100 225 112
class 58 105 68 117
class 99 105 109 117
class 80 118 90 130
class 80 121 90 133
class 107 136 117 148
class 120 141 130 153
class 156 141 166 153
class 18 158 28 170
class 107 161 117 173
class 210 170 220 182
class 56 172 66 184
class 56 179 66 191
class 234 183 244 195
class 103 189 113 201
class 22 191 32 203
class 33 195 43 207
class 238 198 248 210
class 68 199 78 211
class 224 211 234 223
class 12 217 22 229
class 195 232 205 244
class 3 233 13 245
class 136 236 146 248
class 37 238 47 250
class 237 240 247 252
class 157 246 167 258
class 224 249 234 261
class 91 262 101 274
class 279 262 289 274
