class 271 -6 281 6
class 48 0 58 12
class 133 16 143 28
class 45 17 55 29
class 264 17 274 29
class 114 19 124 31
class 259 24 269 36
class 79 26 89 38
class 137 30 147 42
class 198 36 208 48
class 175 37 185 49
class 184 55 194 67
class 73 78 83 90
class 42 83 52 95
class 112 86 122 98
class 170 89 180 101
class 156 119 166 131
class 190 121 200 133
class 207 125 217 137
class 251 131 261 143
class 41 137 51 149
class 286 146 296 158
class 65 150 75 162
class 80 152 90 164
class 178 166 188 178
class 137 172 147 184
class 135 173 145 185
class 149 173 159 185
class 220 197 230 209
class 80 224 90 236
class 254 224 264 236
class 133 241 143 253
class 132 261 142 273
class 111 270 121 282
class 203 270 213 282
class 8 273 18 285
class 275 278 285 290
class 293 283 303 295
class 198 285 208 297
class 72 287 82 299
