class 31 -3 41 9
class 41 5 51 17
class 108 21 118 33
class 238 21 248 33
class 203 22 213 34
class 193 28 203 40
class 192 30 202 42
class 171 37 181 49
class 236 41 246 53
class 252 57 262 69
class 63 76 73 88
class 20 78 30 90
class 226 91 236 103
class 11 92 21 104
class 178 95 188 107
class 148 100 158 112
class 148 101 158 113
class 280 105 290 117
class 117 113 127 125
class 0 121 10 133
class 233 125 243 137
class 94 128 104 140
class 98 129 108 141
class 44 161 54 173
class -2 163 8 175
class 42 172 52 184
class 256 174 266 186
class 258 178 268 190
class 127 196 137 208
class 71 204 81 216
class 192 224 202 236
class 258 230 268 242
class -2 234 8 246
class 188 261 198 273
class 88 264 98 276
class 210 270 220 282
class 266 272 276 284
class 98 276 108 288
class 280 285 290 297
class 240 290 250 302
