class 290 -2 300 10
class 87 22 97 34
class 40 23 50 35
class 17 34 27 46
class 231 47 241 59
class 89 50 99 62
class 39 54 49 66
class 170 58 180 70
class 261 71 271 83
class 281 85 291 97
class 155 100 165 112
class 4 104 14 116
class 17 114 27 126
class 23 132 33 144
class 124 136 134 148
class 246 145 256 157
class 107 148 117 160
class 125 153 135 165
class 292 157 302 169
class 228 161 238 173
class 269 161 279 173
class 248 163 258 175
class 46 166 56 178
class 266 166 276 178
class 293 180 303 192
class 165 185 175 197
class 249 199 259 211
class 111 212 121 224
class 117 213 127 225
class 120 216 130 228
class 117 226 127 238
class 53 227 63 239
class 294 228 304 240
class 87 231 97 243
class 120 231 130 243
class 224 238 234 250
class 186 241 196 253
class 60 246 70 258
class 47 263 57 275
class 288 282 298 294
