class 24 -6 34 6
class 118 4 128 16
class 59 7 69 19
class 208 16 218 28
class 290 25 300 37
class 100 34 110 46
class 88 39 98 51
class 155 44 165 56
class 91 47 101 59
class 215 49 225 61
class 22 50 32 62
class 48 54 58 66
class 291 56 301 68
class 263 57 273 69
class 193 82 203 94
class 41 87 51 99
class 214 108 224 120
class 110 142 120 154
class 154 142 164 154
class 30 146 40 158
class 87 146 97 158
class 61 147 71 159
class 26 189 36 201
class 84 201 94 213
class 264 205 274 217
class -4 211 6 223
class 166 212 176 224
class 85 215 95 227
class 187 215 197 227
class 152 226 162 238
class 30 238 40 250
class 241 241 251 253
class 28 248 38 260
class 258 259 268 271
class 11 260 21 272
class 135 281 145 293
class 260 281 270 293
class 82 288 92 300
class 177 290 187 302
class 211 293 221 305
