class 119 -1 129 11
class 220 6 230 18
class 173 7 183 19
class 130 8 140 20
class -4 14 6 26
class 85 21 95 33
class 184 21 194 33
class 84 26 94 38
class 95 33 105 45
class 287 43 297 55
class 25 57 35 69
class 161 60 171 72
class 4 68 14 80
class 261 83 271 95
class 280 95 290 107
class 42 105 52 117
class 236 116 246 128
class 93 119 103 131
class 231 130 241 142
class 152 140 162 152
class 236 140 246 152
class 11 168 21 180
class 122 175 132 187
class 228 194 238 206
class 87 198 97 210
class 32 204 42 216
class 256 207 266 219
class 10 221 20 233
class 13 226 23 238
class 257 230 267 242
class 79 239 89 251
class 122 242 132 254
class 7 245 17 257
class 139 246 149 258
class 120 249 130 261
class 147 259 157 271
class 85 266 95 278
class 230 267 240 279
class 58 276 68 288
class 90 285 100 297
