class 204 -5 214 7
class 150 14 160 26
class 12 18 22 30
class 223 21 233 33
class 195 57 205 69
class 266 57 276 69
class 58 59 68 71
class 196 67 206 79
class 167 74 177 86
class 15 78 25 90
class 122 90 132 102
class 155 95 165 107
class 135 96 145 108
class 96 98 106 110
class 109 102 119 114
class 239 104 249 116
class 126 114 136 126
class 178 122 188 134
class 220 122 230 134
class 178 148 188 160
class 109 153 119 165
class 93 171 103 183
class 243 177 253 189
class 25 179 35 191
class 132 182 142 194
class 113 189 123 201
class 259 189 269 201
class 193 192 203 204
class 249 193 259 205
class 41 197 51 209
class 192 199 202 211
class 104 202 114 214
class 0 215 10 227
class 275 223 285 235
class 175 228 185 240
class 0 243 10 255
class 168 248 178 260
class 75 282 85 294
class 17 284 27 296
class 80 288 90 300
