class 258 2 268 14
class 282 42 292 54
class 107 46 117 58
class 265 49 275 61
class 89 51 99 63
class 73 64 83 76
class 196 70 206 82
class 36 71 46 83
class 127 73 137 85
class 175 81 185 93
class -5 115 5 127
class 252 122 262 134
class 60 128 70 140
class 73 129 83 141
class 182 131 192 143
class 194 134 204 146
class 264 139 274 151
class 149 143 159 155
class 231 152 241 164
class 79 160 89 172
class 255 184 265 196
class 136 190 146 202
class 66 222 76 234
class 52 223 62 235
class 171 223 181 235
class 181 232 191 244
class 89 235 99 247
class 236 238 246 250
class 215 241 225 253
class 233 244 243 256
class 265 245 275 257
class 40 251 50 263
class 39 255 49 267
class 10 256 20 268
class 228 257 238 269
class 223 260 233 272
class 190 273 200 285
class 220 279 230 291
class 29 286 39 298
class 94 292 104 304
