class 292 -6 302 6
class 120 6 130 18
class 251 21 261 33
class 60 29 70 41
class 3 31 13 43
class 265 43 275 55
class 225 47 235 59
class 9 55 19 67
class 80 56 90 68
class 93 59 103 71
class 244 68 254 80
class 87 112 97 124
class 46 115 56 127
class 166 126 176 138
class 0 127 10 139
class 145 136 155 148
class 276 142 286 154
class 97 145 107 157
class 146 149 156 161
class 132 157 142 169
class 185 158 195 170
class 143 172 153 184
class 227 175 237 187
class 231 184 241 196
class 170 191 180 203
class 14 198 24 210
class 71 210 81 222
class 257 215 267 227
class 99 229 109 241
class 262 229 272 241
class 277 231 287 243
class 45 244 55 256
class 147 245 157 257
class 214 247 224 259
class 292 256 302 268
class 267 264 277 276
class 132 267 142 279
class 106 280 116 292
class 112 282 122 294
class 222 289 232 301
