class 26 7 36 19
class 257 11 267 23
class 293 33 303 45
class 259 37 269 49
class 165 50 175 62
class 18 54 28 66
class 101 60 111 72
class 203 64 213 76
class 7 73 17 85
class 197 78 207 90
class 292 97 302 109
class 257 100 267 112
class 217 121 227 133
class 129 129 139 141
class 63 138 73 150
class 217 146 227 158
class 211 155 221 167
class 39 159 49 171
class 168 159 178 171
class 192 163 202 175
class 74 165 84 177
class 75 167 85 179
class 199 167 209 179
class 193 174 203 186
class 69 191 79 203
class 216 205 226 217
class 99 214 109 226
class 106 214 116 226
class 56 216 66 228
class 258 219 268 231
class 232 222 242 234
class 260 226 270 238
class 80 227 90 239
class 218 236 228 248
class 279 254 289 266
class 217 257 227 269
class 88 261 98 273
class 131 265 141 277
class 279 265 289 277
class 30 267 40 279
