class 191 -2 201 10
class 291 -2 301 10
class 289 5 299 17
class 130 6 140 18
class 118 10 128 22
class 210 25 220 37
class 75 28 85 40
class 118 68 128 80
class 51 81 61 93
class 85 87 95 99
class 177 87 187 99
class 52 89 62 101
class 164 137 174 149
class 174 139 184 151
class 79 146 89 158
class 57 155 67 167
class 65 178 75 190
class 40 180 50 192
class 280 183 290 195
class 248 184 258 196
class 72 188 82 200
class 24 189 34 201
class 68 193 78 205
class 81 212 91 224
class 105 217 115 229
class 66 223 76 235
class 121 225 131 237
class 149 225 159 237
class 32 226 42 238
class 214 231 224 243
class 146 236 156 248
class 261 236 271 248
class 55 249 65 261
class -1 252 9 264
class 82 256 92 268
class 291 261 301 273
class 137 267 147 279
class 131 268 141 280
class 173 268 183 280
class 228 274 238 286
