class 94 6 104 18
class 274 18 284 30
class 169 30 179 42
class 162 31 172 43
class 280 35 290 47
class 142 46 152 58
class 230 62 240 74
class 95 67 105 79
class 257 68 267 80
class 32 74 42 86
class 140 74 150 86
class 58 104 68 116
class 128 109 138 121
class 288 115 298 127
class 149 117 159 129
class 95 123 105 135
class 268 130 278 142
class 108 131 118 143
class 292 131 302 143
class 53 133 63 145
class 192 142 202 154
class 112 146 122 158
class 210 154 220 166
class 44 178 54 190
class 250 192 260 204
class 284 203 294 215
class 161 210 171 222
class 55 211 65 223
class 195 216 205 228
class 130 217 140 229
class 156 222 166 234
class 38 235 48 247
class 51 255 61 267
class 209 258 219 270
class 8 259 18 271
class 263 269 273 281
class 15 272 25 284
class 283 273 293 285
class 122 275 132 287
class 48 279 58 291
