class 259 0 269 12
class 87 18 97 30
class -2 19 8 31
class 74 24 84 36
class 214 45 224 57
class 167 53 177 65
class 61 60 71 72
class 275 60 285 72
class 263 68 273 80
class 142 74 152 86
class 47 83 57 95
class 73 100 83 112
class 229 114 239 126
class 70 121 80 133
class 251 122 261 134
class 229 123 239 135
class 178 129 188 141
class 157 136 167 148
class 10 137 20 149
class 185 137 195 149
class 120 143 130 155
class 153 162 163 174
class 112 163 122 175
class 262 164 272 176
class 1 174 11 186
class 116 177 126 189
class 132 204 142 216
class 280 210 290 222
class -3 215 7 227
class 82 215 92 227
class 63 220 73 232
class 190 244 200 256
class 278 248 288 260
class 112 249 122 261
class 25 252 35 264
class 48 273 58 285
class 285 282 295 294
class 286 284 296 296
class 183 290 193 302
