class 206 -6 216 6
class 111 -5 121 7
class 174 -4 184 8
class 32 6 42 18
class 93 9 103 21
class 104 12 114 24
class 38 24 48 36
class 180 26 190 38
class 269 33 279 45
class 137 35 147 47
class 162 38 172 50
class 251 39 261 51
class 186 45 196 57
class 241 53 251 65
class 284 54 294 66
class 23 56 33 68
class 100 72 110 84
class 254 76 264 88
class 139 79 149 91
class 244 87 254 99
class 227 100 237 112
class -1 113 9 125
class 231 113 241 125
class 18 126 28 138
class 1 147 11 159
class 163 163 173 175
class 114 164 124 176
class 59 165 69 177
class 107 174 117 186
class 210 176 220 188
class 269 178 279 190
class 206 181 216 193
class 281 193 291 205
class 120 231 130 243
class 87 236 97 248
class 173 245 183 257
class 60 263 70 275
class 189 263 199 275
class 72 264 82 276
class 9 281 19 293
