class 5 -4 15 8
class 14 -2 24 10
class 157 3 167 15
class 104 9 114 21
class 280 23 290 35
class 51 25 61 37
class 253 39 263 51
class 17 44 27 56
class 182 46 192 58
class 267 69 277 81
class 13 98 23 110
class 116 106 126 118
class 79 123 89 135
class 8 137 18 149
class 14 141 24 153
class 213 148 223 160
class 152 152 162 164
class 284 154 294 166
class 69 163 79 175
class 30 164 40 176
class 243 169 253 181
class 38 173 48 185
class 182 179 192 191
class 230 183 240 195
class 85 197 95 209
class 133 202 143 214
class 122 216 132 228
class 109 231 119 243
class 113 232 123 244
class 136 233 146 245
class 230 242 240 254
class 11 244 21 256
class 138 249 148 261
class 25 267 35 279
class 288 272 298 284
class 80 280 90 292
class 145 284 155 296
class 202 290 212 302
class 38 291 48 303
class 115 293 125 305
