class 284 7 294 19
class 265 12 275 24
class 82 27 92 39
class 124 37 134 49
class 116 40 126 52
class 206 44 216 56
class 69 46 79 58
class 191 56 201 68
class 261 59 271 71
class 63 62 73 74
class 237 73 247 85
class 191 88 201 100
class 193 101 203 113
class 38 109 48 121
class 31 110 41 122
class 57 118 67 130
class 181 126 191 138
class 75 128 85 140
class 135 138 145 150
class 48 154 58 166
class 106 167 116 179
class 178 172 188 184
class 194 175 204 187
class -3 180 7 192
class 106 185 116 197
class 75 200 85 212
class 237 201 247 213
class 191 208 201 220
class 272 210 282 222
class 119 216 129 228
class 19 228 29 240
class 45 230 55 242
class 232 230 242 242
class 86 232 96 244
class -1 234 9 246
class 22 243 32 255
class 62 262 72 274
class 228 269 238 281
class 274 275 284 287
class 104 288 114 300
