class 261 -4 271 8
class 69 0 79 12
class 68 6 78 18
class 98 13 108 25
class 255 31 265 43
class 128 42 138 54
class 29 78 39 90
class 272 78 282 90
class 182 83 192 95
class 216 90 226 102
class 289 95 299 107
class 96 101 106 113
class 100 103 110 115
class 131 105 141 117
class 108 126 118 138
class 243 144 253 156
class 112 151 122 163
class 78 153 88 165
class 263 157 273 169
class 285 162 295 174
class 289 165 299 177
class 285 175 295 187
class 89 194 99 206
class 33 195 43 207
class 200 196 210 208
class 162 199 172 211
class 165 204 175 216
class 177 207 187 219
class 263 215 273 227
class 47 219 57 231
class 200 226 210 238
class 3 236 13 248
class 214 238 224 250
class 166 252 176 264
class 175 255 185 267
class 27 256 37 268
class 31 259 41 271
class 80 276 90 288
class 117 282 127 294
class 146 288 156 300
