class 53 -3 63 9
class 188 3 198 15
class 41 4 51 16
class 233 4 243 16
class 278 4 288 16
class 257 5 267 17
class 158 17 168 29
class 150 23 160 35
class 125 31 135 43
class 230 41 240 53
class 61 50 71 62
class 225 54 235 66
class 57 63 67 75
class 115 66 125 78
class 29 67 39 79
class 189 68 199 80
class 85 94 95 106
class 121 100 131 112
class 205 100 215 112
class 99 115 109 127
class 89 133 99 145
class 102 143 112 155
class 171 143 181 155
class 109 163 119 175
class 196 163 206 175
class 191 177 201 189
class 38 179 48 191
class 168 179 178 191
class 172 197 182 209
class 25 211 35 223
class 283 227 293 239
class 24 229 34 241
class 75 241 85 253
class 7 261 17 273
class 68 272 78 284
class 205 273 215 285
class 117 275 127 287
class 292 284 302 296
class 181 285 191 297
class 266 292 276 304
