class 142 -5 152 7
class 103 -4 113 8
class 18 11 28 23
class 156 15 166 27
class 53 23 63 35
class 74 26 84 38
class 220 28 230 40
class 25 41 35 53
class 34 42 44 54
class 291 44 301 56
class 123 57 133 69
class -5 63 5 75
class 138 65 148 77
class 127 76 137 88
class 74 79 84 91
class 194 87 204 99
class 103 100 113 112
class 55 107 65 119
class -3 111 7 123
class 204 115 214 127
class 42 119 52 131
class 210 124 220 136
class 205 132 215 144
class 139 151 149 163
class 215 153 225 165
class 28 155 38 167
class 183 157 193 169
class 114 158 124 170
class 59 167 69 179
class 21 190 31 202
class 107 198 117 210
class 210 211 220 223
class 268 214 278 226
class 164 240 174 252
class 264 246 274 258
class 119 250 129 262
class 101 269 111 281
class 112 278 122 290
class 49 287 59 299
class 156 289 166 301
