class 171 -2 181 10
class 16 15 26 27
class 142 27 152 39
class 207 30 217 42
class 5 51 15 63
class 276 58 286 70
class 129 79 139 91
class 23 80 33 92
class 68 80 78 92
class 64 87 74 99
class 21 88 31 100
class 227 101 237 113
class 228 104 238 116
class 80 105 90 117
class 52 113 62 125
class 140 113 150 125
class 251 115 261 127
class 225 136 235 148
class 137 137 147 149
class 186 137 196 149
class 258 148 268 160
class 268 153 278 165
class 45 167 55 179
class 213 169 223 181
class 93 177 103 189
class 56 178 66 190
class 251 182 261 194
class 273 208 283 220
class 162 212 172 224
class 258 221 268 233
class 108 231 118 243
class 197 235 207 247
class 180 247 190 259
class 261 257 271 269
class 227 259 237 271
class 255 271 265 283
class 124 275 134 287
class 186 290 196 302
class 43 291 53 303
class 157 292 167 304
