class 149 -5 159 7
class 16 -3 26 9
class 24 0 34 12
class 193 5 203 17
class 276 12 286 24
class 112 41 122 53
class 50 49 60 61
class 34 67 44 79
class 7 70 17 82
class 200 74 210 86
class 119 81 129 93
class 99 83 109 95
class 210 89 220 101
class 65 100 75 112
class 195 101 205 113
class 211 105 221 117
class 128 116 138 128
class 97 122 107 134
class 201 130 211 142
class 190 139 200 151
class 53 142 63 154
class 2 148 12 160
class 214 155 224 167
class 12 157 22 169
class 224 174 234 186
class 221 175 231 187
class 229 179 239 191
class 106 187 116 199
class 282 207 292 219
class 184 210 194 222
class 233 223 243 235
class 24 239 34 251
class 137 244 147 256
class 262 244 272 256
class 117 250 127 262
class 187 269 197 281
class 239 271 249 283
class 216 276 226 288
class 30 279 40 291
class 31 288 41 300
