class 114 2 124 14
class 279 15 289 27
class 13 19 23 31
class -2 28 8 40
class 109 31 119 43
class -3 37 7 49
class 255 37 265 49
class 144 40 154 52
class 261 60 271 72
class 45 63 55 75
class 161 66 171 78
class 261 78 271 90
class 152 103 162 115
class 74 110 84 122
class 191 127 201 139
class 156 143 166 155
class 105 149 115 161
class 119 153 129 165
class 226 159 236 171
class 52 165 62 177
class 20 167 30 179
class 181 177 191 189
class 254 181 264 193
class 213 189 223 201
class 218 189 228 201
class 37 198 47 210
class 56 202 66 214
class 122 206 132 218
class 222 217 232 229
class 111 219 121 231
class 28 224 38 236
class 212 227 222 239
class 204 232 214 244
class 94 236 104 248
class 221 243 231 255
class 142 245 152 257
class 285 270 295 282
class 113 272 123 284
class 211 281 221 293
class 2 290 12 302
