class 205 -6 215 6
class 144 -4 154 8
class 148 -2 158 10
class 11 4 21 16
class 153 4 163 16
class 58 6 68 18
class 113 9 123 21
class 274 20 284 32
class 226 28 236 40
class 148 32 158 44
class 291 32 301 44
class 80 41 90 53
class 182 52 192 64
class 233 59 243 71
class 31 65 41 77
class 169 71 179 83
class 67 93 77 105
class 112 93 122 105
class 4 106 14 118
class 20 117 30 129
class 239 122 249 134
class 289 137 299 149
class 204 148 214 160
class 208 160 218 172
class 98 162 108 174
class 114 169 124 181
class 197 170 207 182
class 292 170 302 182
class 113 171 123 183
class 97 172 107 184
class 23 177 33 189
class 186 178 196 190
class 224 182 234 194
class 244 185 254 197
class 39 206 49 218
class 282 236 292 248
class 37 266 47 278
class 213 267 223 279
class 195 269 205 281
class 157 275 167 287
