class 170 -6 180 6
class 241 1 251 13
class 80 6 90 18
class 211 7 221 19
class 219 12 229 24
class 28 23 38 35
class 84 24 94 36
class 92 36 102 48
class 87 51 97 63
class 202 55 212 67
class 174 67 184 79
class 30 83 40 95
class 108 87 118 99
class 199 98 209 110
class 166 108 176 120
class 72 118 82 130
class 195 121 205 133
class 205 133 215 145
class 276 137 286 149
class 160 138 170 150
class 248 148 258 160
class 224 150 234 162
class 113 155 123 167
class 99 169 109 181
class 16 177 26 189
class 271 177 281 189
class 61 184 71 196
class 231 191 241 203
class 275 191 285 203
class -2 217 8 229
class 190 221 200 233
class 154 225 164 237
class 155 226 165 238
class 37 242 47 254
class 154 242 164 254
class 238 249 248 261
class 60 259 70 271
class 34 276 44 288
class 16 285 26 297
class 275 286 285 298
