class 86 3 96 15
class 95 25 105 37
class 96 35 106 47
class 76 39 86 51
class 7 45 17 57
class 194 50 204 62
class 268 59 278 71
class 187 92 197 104
class 133 99 143 111
class 174 109 184 121
class 124 120 134 132
class 147 120 157 132
class 7 128 17 140
class 184 159 194 171
class 31 160 41 172
class 264 165 274 177
class 138 179 148 191
class 67 181 77 193
class 281 207 291 219
class 221 208 231 220
class 42 212 52 224
class 147 217 157 229
class 54 222 64 234
class 242 224 252 236
class 145 226 155 238
class 112 227 122 239
class 21 229 31 241
class 209 235 219 247
class 255 240 265 252
class 69 243 79 255
class 249 244 259 256
class 248 245 258 257
class 68 249 78 261
class 66 251 76 263
class 151 253 161 265
class 47 266 57 278
class 106 266 116 278
class 253 266 263 278
class 150 286 160 298
class 233 287 243 299
