class 154 10 164 22
class 148 11 158 23
class 288 27 298 39
class 54 31 64 43
class 191 35 201 47
class 247 41 257 53
class 243 65 253 77
class 24 73 34 85
class 228 73 238 85
class 146 86 156 98
class 141 87 151 99
class 106 88 116 100
class 75 105 85 117
class 126 109 136 121
class 121 116 131 128
class 256 116 266 128
class 288 119 298 131
class 232 127 242 139
class 0 149 10 161
class 9 157 19 169
class 205 158 215 170
class 201 181 211 193
class 118 183 128 195
class 21 185 31 197
class 98 191 108 203
class 231 192 241 204
class 78 208 88 220
class 11 209 21 221
class 278 218 288 230
class 198 223 208 235
class 170 233 180 245
class 205 244 215 256
class 34 248 44 260
class 259 257 269 269
class 202 258 212 270
class 180 270 190 282
class 227 271 237 283
class 113 276 123 288
class 261 278 271 290
class 20 286 30 298
