class 27 6 37 18
class 81 9 91 21
class 294 9 304 21
class 16 10 26 22
class -2 28 8 40
class 289 35 299 47
class 143 40 153 52
class 114 41 124 53
class 139 49 149 61
class 202 49 212 61
class 82 52 92 64
class 56 53 66 65
class 101 53 111 65
class 164 55 174 67
class 82 57 92 69
class 283 59 293 71
class 137 64 147 76
class 74 68 84 80
class 29 69 39 81
class 190 72 200 84
class 130 78 140 90
class 114 82 124 94
class 102 101 112 113
class 269 102 279 114
class 4 120 14 132
class 158 127 168 139
class 188 127 198 139
class 212 128 222 140
class 169 133 179 145
class 144 139 154 151
class 224 148 234 160
class 161 152 171 164
class 252 176 262 188
class 3 177 13 189
class 48 195 58 207
class 85 211 95 223
class 233 214 243 226
class 287 244 297 256
class 37 248 47 260
class 64 290 74 302
