class 278 -4 288 8
class 157 7 167 19
class 245 11 255 23
class 262 13 272 25
class 152 25 162 37
class 209 32 219 44
class 45 47 55 59
class 125 47 135 59
class 30 51 40 63
class 72 58 82 70
class 109 60 119 72
class 290 61 300 73
class 97 66 107 78
class 90 68 100 80
class 66 79 76 91
class 279 93 289 105
class 84 96 94 108
class 57 100 67 112
class 40 102 50 114
class 107 104 117 116
class 17 105 27 117
class 175 108 185 120
class 138 115 148 127
class 172 138 182 150
class 202 148 212 160
class 261 151 271 163
class 58 156 68 168
class 138 173 148 185
class 55 174 65 186
class 6 180 16 192
class 234 191 244 203
class 291 199 301 211
class 282 235 292 247
class 183 237 193 249
class 71 248 81 260
class 223 252 233 264
class 197 268 207 280
class 255 270 265 282
class 11 275 21 287
class -4 288 6 300
