class 237 2 247 14
class 292 18 302 30
class 268 19 278 31
class 66 34 76 46
class 79 38 89 50
class 19 49 29 61
class 282 52 292 64
class 102 56 112 68
class 130 59 140 71
class 168 64 178 76
class 108 78 118 90
class 258 91 268 103
class 254 93 264 105
class 114 98 124 110
class 70 106 80 118
class 5 107 15 119
class 258 121 268 133
class 117 128 127 140
class 2 131 12 143
class 146 143 156 155
class 216 144 226 156
class 119 148 129 160
class 3 153 13 165
class 33 153 43 165
class 110 156 120 168
class 53 160 63 172
class 111 161 121 173
class 42 171 52 183
class 40 175 50 187
class 208 186 218 198
class 237 217 247 229
class 87 218 97 230
class 165 230 175 242
class 157 251 167 263
class 43 252 53 264
class 287 253 297 265
class 236 275 246 287
class 131 281 141 293
class 54 285 64 297
class 183 288 193 300
