class 191 -6 201 6
class 126 -2 136 10
class 258 2 268 14
class 251 15 261 27
class 234 18 244 30
class 68 25 78 37
class 22 26 32 38
class 118 28 128 40
class 170 42 180 54
class 73 45 83 57
class 237 57 247 69
class 255 63 265 75
class 20 66 30 78
class 250 77 260 89
class 183 78 193 90
class 136 82 146 94
class 15 87 25 99
class 50 100 60 112
class 98 112 108 124
class 275 112 285 124
class 55 113 65 125
class 1 114 11 126
class 174 136 184 148
class 172 140 182 152
class 204 149 214 161
class 229 152 239 164
class 126 153 136 165
class 157 153 167 165
class 36 158 46 170
class 200 163 210 175
class 120 171 130 183
class 271 187 281 199
class 287 190 297 202
class 11 212 21 224
class 256 220 266 232
class 37 234 47 246
class 17 260 27 272
class 174 268 184 280
class 175 270 185 282
class 229 289 239 301
