class 92 11 102 23
class 6 12 16 24
class 42 12 52 24
class 206 14 216 26
class 143 22 153 34
class 238 26 248 38
class 257 37 267 49
class 15 38 25 50
class 10 40 20 52
class 102 47 112 59
class 72 65 82 77
class 106 68 116 80
class 213 74 223 86
class 91 80 101 92
class 16 82 26 94
class 184 97 194 109
class 248 97 258 109
class 154 113 164 125
class 82 116 92 128
class 243 128 253 140
class 276 132 286 144
class -4 133 6 145
class 273 135 283 147
class 168 147 178 159
class 273 149 283 161
class 290 150 300 162
class -1 152 9 164
class 151 165 161 177
class 180 173 190 185
class 115 178 125 190
class 174 182 184 194
class 174 193 184 205
class 212 215 222 227
class 196 216 206 228
class 293 234 303 246
class 40 241 50 253
class 261 243 271 255
class 67 247 77 259
class 270 279 280 291
class 169 286 179 298
