class -5 -5 5 7
class 9 -2 19 10
class 154 0 164 12
class 71 5 81 17
class 234 10 244 22
class 266 15 276 27
class 276 21 286 33
class 111 27 121 39
class 53 34 63 46
class 239 36 249 48
class 177 76 187 88
class 64 92 74 104
class 95 93 105 105
class 57 99 67 111
class 25 103 35 115
class 30 113 40 125
class 33 129 43 141
class 71 136 81 148
class 149 136 159 148
class 70 145 80 157
class 90 156 100 168
class 247 161 257 173
class 155 176 165 188
class 253 180 263 192
class 11 190 21 202
class 221 193 231 205
class 156 197 166 209
class 283 201 293 213
class 100 206 110 218
class 277 221 287 233
class 91 230 101 242
class 249 237 259 249
class 174 248 184 260
class 138 250 148 262
class 280 251 290 263
class 207 261 217 273
class 69 262 79 274
class 54 266 64 278
class 76 283 86 295
class -5 290 5 302
