class -4 -6 6 6
class 196 -4 206 8
class 254 6 264 18
class 59 22 69 34
class 218 35 228 47
class 133 41 143 53
class 255 43 265 55
class 149 46 159 58
class 203 46 213 58
class 136 59 146 71
class 57 60 67 72
class 123 65 133 77
class 221 67 231 79
class 98 71 108 83
class 55 84 65 96
class 144 99 154 111
class 37 101 47 113
class 137 103 147 115
class 245 106 255 118
class 186 114 196 126
class 255 118 265 130
class 274 118 284 130
class 284 138 294 150
class 220 157 230 169
class 95 187 105 199
class 289 194 299 206
class 74 207 84 219
class 172 209 182 221
class 125 214 135 226
class 285 225 295 237
class 270 231 280 243
class 135 242 145 254
class 81 250 91 262
class 166 259 176 271
class 13 280 23 292
class 49 281 59 293
class 18 285 28 297
class 175 287 185 299
class 29 289 39 301
class 209 292 219 304
