class 197 -6 207 6
class 44 8 54 20
class 64 16 74 28
class 82 35 92 47
class 74 44 84 56
class 51 50 61 62
class 207 71 217 83
class 100 75 110 87
class 169 76 179 88
class 167 80 177 92
class 185 82 195 94
class 46 103 56 115
class 274 111 284 123
class 212 114 222 126
class 33 138 43 150
class 268 149 278 161
class 165 156 175 168
class 238 157 248 169
class 196 172 206 184
class 85 181 95 193
class 85 182 95 194
class 286 187 296 199
class 144 202 154 214
class 148 202 158 214
class 87 205 97 217
class 157 205 167 217
class 135 207 145 219
class 27 209 37 221
class 287 210 297 222
class 68 211 78 223
class 280 219 290 231
class 293 224 303 236
class 278 227 288 239
class -5 250 5 262
class 117 262 127 274
class 280 264 290 276
class 160 266 170 278
class 244 267 254 279
class 266 273 276 285
class 84 286 94 298
