class 99 -1 109 11
class 245 2 255 14
class 38 15 48 27
class 109 15 119 27
class 154 26 164 38
class 213 33 223 45
class 83 35 93 47
class 69 39 79 51
class 100 51 110 63
class 19 62 29 74
class 266 67 276 79
class 289 68 299 80
class 284 75 294 87
class 197 92 207 104
class 184 101 194 113
class 135 107 145 119
class 51 112 61 124
class 13 115 23 127
class 111 118 121 130
class 270 129 280 141
class 7 139 17 151
class 259 146 269 158
class 190 147 200 159
class 205 151 215 163
class 218 160 228 172
class 122 165 132 177
class 226 195 236 207
class 122 219 132 231
class 77 221 87 233
class 262 221 272 233
class 132 234 142 246
class 162 239 172 251
class 118 244 128 256
class 183 256 193 268
class 269 256 279 268
class 15 259 25 271
class 208 262 218 274
class 284 262 294 274
class 190 271 200 283
class 0 285 10 297
