class 57 2 67 14
class 208 7 218 19
class 279 11 289 23
class 67 18 77 30
class 279 28 289 40
class 162 31 172 43
class 138 35 148 47
class 206 45 216 57
class 87 57 97 69
class 247 58 257 70
class 22 61 32 73
class 171 71 181 83
class 58 85 68 97
class 116 99 126 111
class 139 103 149 115
class 177 114 187 126
class 32 126 42 138
class 101 129 111 141
class 106 134 116 146
class 104 136 114 148
class 29 150 39 162
class 220 153 230 165
class 146 155 156 167
class 53 156 63 168
class 46 160 56 172
class 55 167 65 179
class 56 168 66 180
class 234 175 244 187
class 154 178 164 190
class 195 184 205 196
class 119 187 129 199
class 183 191 193 203
class 163 194 173 206
class 273 202 283 214
class 26 205 36 217
class 227 218 237 230
class -1 242 9 254
class 17 276 27 288
class 26 280 36 292
class 25 292 35 304
