class 65 -1 75 11
class 292 6 302 18
class 245 7 255 19
class 239 10 249 22
class 106 16 116 28
class 258 20 268 32
class 12 31 22 43
class 64 31 74 43
class 103 40 113 52
class 118 49 128 61
class 150 57 160 69
class 115 65 125 77
class 122 77 132 89
class 142 97 152 109
class 117 109 127 121
class 96 122 106 134
class 56 128 66 140
class 66 139 76 151
class 183 147 193 159
class 57 160 67 172
class 221 169 231 181
class 190 183 200 195
class 109 185 119 197
class 294 190 304 202
class 281 201 291 213
class 58 214 68 226
class 188 217 198 229
class 144 218 154 230
class 180 236 190 248
class 283 243 293 255
class 108 245 118 257
class 37 255 47 267
class 27 257 37 269
class 254 264 264 276
class 68 265 78 277
class 107 267 117 279
class 128 274 138 286
class 212 275 222 287
class 266 287 276 299
class 28 288 38 300
