class 147 -6 157 6
class 88 -2 98 10
class 103 -1 113 11
class 49 9 59 21
class 14 22 24 34
class 211 24 221 36
class 163 30 173 42
class 57 33 67 45
class 158 48 168 60
class 182 60 192 72
class 165 64 175 76
class 214 67 224 79
class 55 85 65 97
class 127 85 137 97
class 55 99 65 111
class 172 101 182 113
class 21 116 31 128
class 228 118 238 130
class 253 124 263 136
class 56 140 66 152
class 41 141 51 153
class -2 148 8 160
class 243 166 253 178
class 52 174 62 186
class 203 178 213 190
class 196 194 206 206
class 224 197 234 209
class 11 204 21 216
class 162 218 172 230
class 224 231 234 243
class 191 234 201 246
class 205 248 215 260
class 64 250 74 262
class 79 254 89 266
class 25 273 35 285
class 142 274 152 286
class 24 283 34 295
class 148 290 158 302
class 235 290 245 302
class 110 291 120 303
