class 137 -3 147 9
class 141 7 151 19
class 147 8 157 20
class 214 15 224 27
class 95 16 105 28
class 96 21 106 33
class 140 27 150 39
class 37 48 47 60
class 151 52 161 64
class 143 57 153 69
class 64 58 74 70
class 159 73 169 85
class 210 83 220 95
class 103 85 113 97
class 25 86 35 98
class 46 90 56 102
class 183 93 193 105
class 191 96 201 108
class 70 99 80 111
class 70 103 80 115
class 109 110 119 122
class 29 117 39 129
class 27 123 37 135
class 220 131 230 143
class 288 135 298 147
class 201 152 211 164
class 8 154 18 166
class 194 165 204 177
class 10 176 20 188
class 285 183 295 195
class 166 191 176 203
class -2 214 8 226
class 247 220 257 232
class 234 228 244 240
class 114 240 124 252
class 234 252 244 264
class 128 267 138 279
class 45 271 55 283
class 121 278 131 290
class 80 280 90 292
