class 260 2 270 14
class 284 21 294 33
class -3 22 7 34
class 217 24 227 36
class 86 25 96 37
class 52 39 62 51
class 24 43 34 55
class 289 46 299 58
class 67 48 77 60
class 156 48 166 60
class 11 49 21 61
class 224 65 234 77
class 227 78 237 90
class 279 78 289 90
class 286 86 296 98
class 126 88 136 100
class 165 91 175 103
class 167 100 177 112
class 133 108 143 120
class 104 109 114 121
class 107 111 117 123
class 208 116 218 128
class 1 119 11 131
class 287 123 297 135
class 220 151 230 163
class 50 153 60 165
class 33 160 43 172
class 133 175 143 187
class 207 180 217 192
class 27 192 37 204
class 117 201 127 213
class 125 207 135 219
class 227 208 237 220
class 282 212 292 224
class 214 248 224 260
class 262 253 272 265
class 138 259 148 271
class 24 266 34 278
class 10 268 20 280
class 127 280 137 292
