class 211 -6 221 6
class 12 0 22 12
class 218 5 228 17
class 259 7 269 19
class 144 25 154 37
class 183 34 193 46
class 85 40 95 52
class 103 52 113 64
class 67 74 77 86
class 260 77 270 89
class 238 89 248 101
class 143 91 153 103
class 87 99 97 111
class 90 108 100 120
class 217 112 227 124
class 148 115 158 127
class 210 120 220 132
class 109 126 119 138
class 171 127 181 139
class 167 136 177 148
class 90 138 100 150
class 147 139 157 151
class 28 141 38 153
class 266 147 276 159
class 221 171 231 183
class 278 172 288 184
class 189 178 199 190
class 247 194 257 206
class 267 202 277 214
class 267 205 277 217
class 276 243 286 255
class 130 244 140 256
class 176 246 186 258
class 11 258 21 270
class 120 271 130 283
class 199 271 209 283
class 242 277 252 289
class 215 284 225 296
class 257 286 267 298
class 223 288 233 300
