class 281 -1 291 11
class 98 30 108 42
class 263 36 273 48
class 122 38 132 50
class 212 41 222 53
class 246 41 256 53
class 237 58 247 70
class 245 66 255 78
class 118 69 128 81
class 157 74 167 86
class 211 75 221 87
class 258 81 268 93
class 52 85 62 97
class 194 90 204 102
class 279 104 289 116
class 83 105 93 117
class 160 106 170 118
class 131 107 141 119
class 278 114 288 126
class 230 117 240 129
class 175 123 185 135
class 141 144 151 156
class 20 156 30 168
class 193 158 203 170
class 138 167 148 179
class 230 186 240 198
class 179 187 189 199
class 200 219 210 231
class 157 223 167 235
class 285 238 295 250
class 27 239 37 251
class 73 242 83 254
class 216 251 226 263
class 153 256 163 268
class 123 266 133 278
class 157 280 167 292
class 29 285 39 297
class 172 287 182 299
class 199 291 209 303
class 155 292 165 304
