class 119 8 129 20
class 150 15 160 27
class 214 21 224 33
class 265 28 275 40
class 189 36 199 48
class 34 37 44 49
class 262 39 272 51
class 40 40 50 52
class 156 43 166 55
class 266 47 276 59
class 76 59 86 71
class -5 62 5 74
class 143 66 153 78
class 19 67 29 79
class 143 68 153 80
class 196 74 206 86
class 292 79 302 91
class 201 101 211 113
class 74 108 84 120
class 196 108 206 120
class 1 131 11 143
class 120 134 130 146
class 250 135 260 147
class 48 155 58 167
class 164 159 174 171
class 28 167 38 179
class 61 171 71 183
class 142 173 152 185
class 59 191 69 203
class 206 193 216 205
class 184 201 194 213
class 127 222 137 234
class 275 236 285 248
class 28 249 38 261
class 31 255 41 267
class 35 257 45 269
class 4 259 14 271
class 220 283 230 295
class 44 288 54 300
class 253 289 263 301
