class 128 -6 138 6
class 232 -6 242 6
class 241 1 251 13
class 34 18 44 30
class 279 18 289 30
class 9 21 19 33
class 81 21 91 33
class 259 31 269 43
class 274 35 284 47
class 34 36 44 48
class 36 37 46 49
class 168 37 178 49
class 133 48 143 60
class 203 81 213 93
class 209 85 219 97
class 121 93 131 105
class 98 109 108 121
class 104 113 114 125
class 42 118 52 130
class 206 118 216 130
class 91 133 101 145
class 162 135 172 147
class 122 137 132 149
class 8 143 18 155
class 55 143 65 155
class -5 147 5 159
class 192 157 202 169
class 190 161 200 173
class 43 187 53 199
class 83 189 93 201
class 203 189 213 201
class 132 198 142 210
class 76 207 86 219
class 89 216 99 228
class 9 227 19 239
class 141 228 151 240
class 198 259 208 271
class 294 266 304 278
class 187 273 197 285
class 192 292 202 304
