class 222 -6 232 6
class -1 0 9 12
class 149 17 159 29
class 145 26 155 38
class 181 29 191 41
class 57 31 67 43
class 248 32 258 44
class 202 33 212 45
class 107 38 117 50
class 280 38 290 50
class 6 66 16 78
class 109 84 119 96
class 32 85 42 97
class 114 91 124 103
class 102 99 112 111
class 247 100 257 112
class 254 101 264 113
class 89 103 99 115
class 279 114 289 126
class 198 131 208 143
class 80 132 90 144
class 129 138 139 150
class 137 158 147 170
class 227 168 237 180
class 234 172 244 184
class 174 186 184 198
class 92 199 102 211
class 248 204 258 216
class 116 211 126 223
class 30 222 40 234
class 162 240 172 252
class 275 241 285 253
class 112 258 122 270
class 278 261 288 273
class 163 272 173 284
class 19 285 29 297
class 255 285 265 297
class 282 285 292 297
class 262 289 272 301
class 85 292 95 304
