class 22 -3 32 9
class 11 12 21 24
class 168 12 178 24
class 205 12 215 24
class 197 13 207 25
class 286 20 296 32
class 67 42 77 54
class 54 44 64 56
class 256 44 266 56
class 26 68 36 80
class 243 84 253 96
class 281 84 291 96
class 294 92 304 104
class 226 114 236 126
class 290 122 300 134
class 238 128 248 140
class 4 130 14 142
class 107 131 117 143
class 172 131 182 143
class 265 156 275 168
class 74 173 84 185
class 237 175 247 187
class 60 176 70 188
class 276 177 286 189
class 253 181 263 193
class 118 186 128 198
class 262 186 272 198
class 286 191 296 203
class 53 192 63 204
class 140 207 150 219
class 239 207 249 219
class 39 209 49 221
class 43 228 53 240
class 169 234 179 246
class 11 236 21 248
class 259 237 269 249
class 189 241 199 253
class 30 245 40 257
class 281 251 291 263
class 236 291 246 303
