class 113 -6 123 6
class 105 -4 115 8
class 93 7 103 19
class 232 9 242 21
class 59 10 69 22
class 272 21 282 33
class 117 23 127 35
class 185 40 195 52
class 238 62 248 74
class 9 64 19 76
class 35 66 45 78
class 161 70 171 82
class 37 72 47 84
class 234 97 244 109
class 268 98 278 110
class 132 101 142 113
class 8 112 18 124
class 237 113 247 125
class 42 147 52 159
class 72 149 82 161
class 287 158 297 170
class 250 160 260 172
class 251 177 261 189
class 41 179 51 191
class 69 181 79 193
class 203 184 213 196
class 29 195 39 207
class 174 210 184 222
class 99 213 109 225
class 253 215 263 227
class 11 219 21 231
class 8 221 18 233
class 109 245 119 257
class 2 247 12 259
class 114 256 124 268
class 39 266 49 278
class 115 268 125 280
class 156 288 166 300
class 21 291 31 303
class 19 293 29 305
