class 19 -2 29 10
class 249 14 259 26
class 164 22 174 34
class 283 31 293 43
class 205 33 215 45
class 276 33 286 45
class 6 38 16 50
class 73 56 83 68
class 128 102 138 114
class -1 104 9 116
class 166 115 176 127
class 33 118 43 130
class 199 119 209 131
class 81 122 91 134
class 153 127 163 139
class 20 128 30 140
class 88 128 98 140
class 77 135 87 147
class 87 143 97 155
class 22 158 32 170
class 19 174 29 186
class 69 180 79 192
class 64 181 74 193
class 210 181 220 193
class 12 183 22 195
class 286 191 296 203
class 205 196 215 208
class 10 203 20 215
class 13 211 23 223
class 32 221 42 233
class 160 241 170 253
class 57 244 67 256
class 71 247 81 259
class 210 248 220 260
class 45 249 55 261
class 38 256 48 268
class 156 261 166 273
class 184 265 194 277
class 244 277 254 289
class 111 290 121 302
