class 146 11 156 23
class 46 12 56 24
class 202 36 212 48
class 181 43 191 55
class 34 48 44 60
class 219 49 229 61
class 70 76 80 88
class 148 78 158 90
class 238 105 248 117
class 124 124 134 136
class 215 127 225 139
class 88 130 98 142
class 9 136 19 148
class 129 148 139 160
class 215 151 225 163
class 270 156 280 168
class -2 157 8 169
class 43 158 53 170
class 78 164 88 176
class 107 174 117 186
class 190 177 200 189
class 140 182 150 194
class 25 190 35 202
class 185 192 195 204
class 154 197 164 209
class 112 205 122 217
class 65 223 75 235
class 209 229 219 241
class 43 231 53 243
class 111 234 121 246
class 188 240 198 252
class 232 242 242 254
class 231 260 241 272
class 236 270 246 282
class 219 271 229 283
class 185 278 195 290
class 182 287 192 299
class 92 291 102 303
class 1 292 11 304
class 39 292 49 304
