class 255 -4 265 8
class 260 6 270 18
class 133 12 143 24
class 200 14 210 26
class 44 20 54 32
class 108 25 118 37
class 180 26 190 38
class 47 36 57 48
class 167 40 177 52
class 40 45 50 57
class 96 49 106 61
class 182 62 192 74
class -5 63 5 75
class 185 72 195 84
class 274 90 284 102
class 58 96 68 108
class 202 101 212 113
class 93 111 103 123
class 142 119 152 131
class 192 121 202 133
class 152 129 162 141
class 197 150 207 162
class 204 151 214 163
class 57 159 67 171
class 204 160 214 172
class 62 161 72 173
class 193 188 203 200
class 177 192 187 204
class 117 198 127 210
class 92 201 102 213
class 162 202 172 214
class 159 222 169 234
class 102 223 112 235
class 214 231 224 243
class 216 231 226 243
class 103 251 113 263
class 270 256 280 268
class 23 269 33 281
class 219 272 229 284
class 195 277 205 289
