class 291 21 301 33
class 168 28 178 40
class 115 36 125 48
class 18 57 28 69
class 184 58 194 70
class 116 62 126 74
class 263 66 273 78
class 85 69 95 81
class 154 69 164 81
class 167 70 177 82
class 107 94 117 106
class 180 100 190 112
class 100 105 110 117
class 260 106 270 118
class 160 115 170 127
class 143 118 153 130
class 223 123 233 135
class 271 132 281 144
class 270 133 280 145
class 98 145 108 157
class 285 146 295 158
class 40 147 50 159
class 191 155 201 167
class 277 160 287 172
class 215 171 225 183
class 55 173 65 185
class 293 183 303 195
class 286 191 296 203
class 29 212 39 224
class 243 214 253 226
class 292 225 302 237
class 3 233 13 245
class 89 244 99 256
class 207 251 217 263
class 16 257 26 269
class 150 259 160 271
class 185 262 195 274
class 27 263 37 275
class 189 274 199 286
class 207 285 217 297
