class 202 2 212 14
class 212 14 222 26
class 241 16 251 28
class 49 28 59 40
class 271 28 281 40
class 115 34 125 46
class 99 39 109 51
class 153 41 163 53
class 239 46 249 58
class 238 58 248 70
class 8 68 18 80
class 46 80 56 92
class 46 84 56 96
class 216 88 226 100
class 50 89 60 101
class 115 120 125 132
class 93 131 103 143
class 228 133 238 145
class 144 137 154 149
class 165 137 175 149
class 284 156 294 168
class 106 168 116 180
class 54 170 64 182
class 255 172 265 184
class 138 186 148 198
class 29 193 39 205
class 218 197 228 209
class 124 210 134 222
class 266 218 276 230
class 63 228 73 240
class 127 234 137 246
class 71 242 81 254
class 264 242 274 254
class 179 260 189 272
class 172 266 182 278
class 178 271 188 283
class 72 272 82 284
class 154 272 164 284
class 11 283 21 295
class 14 289 24 301
