class -3 26 7 38
class 238 43 248 55
class 261 45 271 57
class 206 53 216 65
class -5 58 5 70
class 142 70 152 82
class 6 74 16 86
class 39 74 49 86
class 135 76 145 88
class 42 77 52 89
class 4 86 14 98
class 187 90 197 102
class 137 105 147 117
class 89 112 99 124
class 27 118 37 130
class 188 119 198 131
class 13 128 23 140
class 84 135 94 147
class 63 137 73 149
class 123 141 133 153
class 79 146 89 158
class 96 159 106 171
class 95 162 105 174
class 251 175 261 187
class 118 187 128 199
class 136 194 146 206
class 163 196 173 208
class 5 200 15 212
class 204 201 214 213
class 48 203 58 215
class 229 208 239 220
class 147 211 157 223
class 279 216 289 228
class 289 225 299 237
class 109 255 119 267
class 155 268 165 280
class 279 269 289 281
class 40 284 50 296
class 145 284 155 296
class 183 292 193 304
