class 212 -1 222 11
class 268 1 278 13
class 108 2 118 14
class 53 5 63 17
class 14 12 24 24
class 5 40 15 52
class 234 46 244 58
class 35 51 45 63
class 52 58 62 70
class 10 69 20 81
class 187 71 197 83
class 282 80 292 92
class 49 82 59 94
class 164 82 174 94
class 155 91 165 103
class 151 92 161 104
class 78 97 88 109
class 267 98 277 110
class 40 101 50 113
class 286 108 296 120
class 115 122 125 134
class 131 137 141 149
class 19 141 29 153
class 3 142 13 154
class 240 164 250 176
class 41 167 51 179
class 280 174 290 186
class 240 178 250 190
class 264 191 274 203
class 266 206 276 218
class 18 216 28 228
class 154 237 164 249
class 99 245 109 257
class 9 250 19 262
class 272 256 282 268
class 207 257 217 269
class 15 259 25 271
class 289 267 299 279
class 27 274 37 286
class 153 281 163 293
