class 5 3 15 15
class 43 3 53 15
class -3 4 7 16
class 34 6 44 18
class 67 27 77 39
class 39 30 49 42
class 14 36 24 48
class 101 42 111 54
class 272 50 282 62
class 101 55 111 67
class 49 57 59 69
class 16 58 26 70
class 228 64 238 76
class 196 72 206 84
class 209 75 219 87
class 260 75 270 87
class 125 77 135 89
class 254 83 264 95
class 273 101 283 113
class 226 109 236 121
class 177 141 187 153
class 4 148 14 160
class 236 154 246 166
class 213 156 223 168
class 262 160 272 172
class 79 163 89 175
class 267 181 277 193
class 143 182 153 194
class 271 188 281 200
class 181 201 191 213
class 208 210 218 222
class 272 211 282 223
class 71 230 81 242
class 150 248 160 260
class 133 265 143 277
class 127 282 137 294
class 166 282 176 294
class 87 283 97 295
class 195 286 205 298
class 143 290 153 302
