class 275 2 285 14
class 268 9 278 21
class 39 14 49 26
class 227 15 237 27
class 194 27 204 39
class 148 39 158 51
class 27 46 37 58
class 250 68 260 80
class 251 76 261 88
class 290 77 300 89
class 257 87 267 99
class -5 94 5 106
class 110 95 120 107
class 102 96 112 108
class 191 102 201 114
class 208 142 218 154
class 29 144 39 156
class 120 147 130 159
class 131 147 141 159
class 234 152 244 164
class 265 157 275 169
class 80 158 90 170
class 211 165 221 177
class 40 167 50 179
class 6 175 16 187
class 198 180 208 192
class 276 189 286 201
class 255 196 265 208
class 3 209 13 221
class 210 210 220 222
class 168 211 178 223
class 221 221 231 233
class 85 244 95 256
class 156 247 166 259
class 252 261 262 273
class 137 263 147 275
class 287 265 297 277
class 39 284 49 296
class 126 287 136 299
class 241 291 251 303
