class 37 3 47 15
class 270 11 280 23
class 225 19 235 31
class 273 38 283 50
class 211 44 221 56
class 199 57 209 69
class 34 61 44 73
class 173 66 183 78
class 129 71 139 83
class 27 72 37 84
class 255 78 265 90
class 73 82 83 94
class -5 89 5 101
class 283 89 293 101
class 67 100 77 112
class 55 116 65 128
class 283 117 293 129
class 160 120 170 132
class 265 121 275 133
class 11 125 21 137
class 219 125 229 137
class 179 130 189 142
class 222 131 232 143
class 172 146 182 158
class 292 147 302 159
class 75 162 85 174
class 113 190 123 202
class 211 192 221 204
class 106 195 116 207
class 242 199 252 211
class 283 201 293 213
class 57 203 67 215
class 165 206 175 218
class 26 208 36 220
class 107 216 117 228
class 52 223 62 235
class 139 249 149 261
class 80 253 90 265
class 45 268 55 280
class 278 270 288 282
