class 17 -5 27 7
class 179 4 189 16
class 18 7 28 19
class 150 11 160 23
class 200 29 210 41
class 199 32 209 44
class 205 63 215 75
class 64 74 74 86
class 272 85 282 97
class 213 88 223 100
class 123 93 133 105
class 221 101 231 113
class 15 115 25 127
class 188 126 198 138
class 7 134 17 146
class 3 140 13 152
class 103 142 113 154
class 14 156 24 168
class 158 156 168 168
class 11 160 21 172
class 153 169 163 181
class 248 174 258 186
class 247 175 257 187
class 143 178 153 190
class 75 212 85 224
class 140 216 150 228
class 0 218 10 230
class 12 222 22 234
class 123 226 133 238
class 127 230 137 242
class 69 243 79 255
class 99 248 109 260
class 211 249 221 261
class 78 250 88 262
class 157 252 167 264
class 268 258 278 270
class -3 277 7 289
class 79 278 89 290
class 78 283 88 295
class 153 287 163 299
