class 103 -6 113 6
class 147 -3 157 9
class 134 8 144 20
class 67 19 77 31
class 224 26 234 38
class 86 31 96 43
class 89 34 99 46
class 199 34 209 46
class 134 35 144 47
class 7 57 17 69
class 204 71 214 83
class 96 76 106 88
class 135 86 145 98
class 179 87 189 99
class 130 96 140 108
class 92 101 102 113
class 248 112 258 124
class 76 113 86 125
class 33 123 43 135
class 182 132 192 144
class 101 133 111 145
class 50 140 60 152
class 125 142 135 154
class 108 143 118 155
class 176 143 186 155
class 263 149 273 161
class 91 179 101 191
class 102 181 112 193
class 13 182 23 194
class 241 198 251 210
class 109 201 119 213
class 152 201 162 213
class 32 207 42 219
class 250 215 260 227
class 121 219 131 231
class 3 232 13 244
class 16 243 26 255
class 101 268 111 280
class 141 273 151 285
class 49 293 59 305
