class 45 -3 55 9
class 130 7 140 19
class 161 10 171 22
class 279 10 289 22
class 106 15 116 27
class 162 15 172 27
class 114 35 124 47
class 78 39 88 51
class 250 47 260 59
class 166 69 176 81
class 37 80 47 92
class 94 108 104 120
class 89 132 99 144
class 202 149 212 161
class 31 152 41 164
class 96 158 106 170
class 63 167 73 179
class 125 170 135 182
class 17 176 27 188
class 250 178 260 190
class 285 178 295 190
class 22 180 32 192
class 243 185 253 197
class 170 189 180 201
class 136 192 146 204
class 292 192 302 204
class 6 206 16 218
class 240 211 250 223
class 216 212 226 224
class 184 218 194 230
class 24 225 34 237
class 146 227 156 239
class 212 237 222 249
class 270 243 280 255
class 79 248 89 260
class 94 252 104 264
class 288 255 298 267
class 260 257 270 269
class 74 260 84 272
class 91 269 101 281
