class 165 -6 175 6
class 216 -6 226 6
class 134 2 144 14
class 145 7 155 19
class 291 18 301 30
class 15 21 25 33
class 217 22 227 34
class 72 25 82 37
class 173 27 183 39
class 84 43 94 55
class 91 49 101 61
class 146 62 156 74
class 134 96 144 108
class 278 101 288 113
class 17 103 27 115
class 59 116 69 128
class 252 119 262 131
class 111 120 121 132
class 287 124 297 136
class 48 135 58 147
class 141 136 151 148
class 41 159 51 171
class 189 166 199 178
class 134 169 144 181
class 248 181 258 193
class 184 186 194 198
class 250 187 260 199
class 276 188 286 200
class 170 192 180 204
class 86 198 96 210
class 46 201 56 213
class 275 205 285 217
class 221 214 231 226
class 0 224 10 236
class 8 235 18 247
class 291 241 301 253
class 286 243 296 255
class 102 262 112 274
class 176 271 186 283
class 2 275 12 287
