class 41 -1 51 11
class 88 15 98 27
class 196 23 206 35
class 277 35 287 47
class 204 49 214 61
class 272 50 282 62
class 201 66 211 78
class 240 77 250 89
class 78 79 88 91
class 12 82 22 94
class 147 84 157 96
class 153 88 163 100
class 34 115 44 127
class 205 117 215 129
class 144 139 154 151
class 30 143 40 155
class 101 154 111 166
class 156 155 166 167
class 231 155 241 167
class 174 156 184 168
class 223 157 233 169
class 112 170 122 182
class 225 170 235 182
class 212 185 222 197
class 268 185 278 197
class 162 186 172 198
class 109 198 119 210
class 167 198 177 210
class 263 203 273 215
class 123 204 133 216
class 8 249 18 261
class 21 249 31 261
class 282 251 292 263
class 184 253 194 265
class 203 260 213 272
class 61 269 71 281
class 119 271 129 283
class 263 285 273 297
class 69 286 79 298
class 168 292 178 304
