class 87 -5 97 7
class 228 -3 238 9
class 161 13 171 25
class 128 14 138 26
class 10 15 20 27
class 45 19 55 31
class -4 20 6 32
class 268 20 278 32
class 240 22 250 34
class 65 26 75 38
class 142 36 152 48
class 220 48 230 60
class 54 52 64 64
class 218 62 228 74
class 290 90 300 102
class 197 104 207 116
class 184 115 194 127
class 91 116 101 128
class 186 138 196 150
class 258 142 268 154
class 68 151 78 163
class 238 154 248 166
class 75 165 85 177
class 153 187 163 199
class 285 192 295 204
class 173 199 183 211
class 263 201 273 213
class 292 201 302 213
class 172 206 182 218
class 99 210 109 222
class 279 234 289 246
class 293 238 303 250
class 147 247 157 259
class 149 263 159 275
class 69 264 79 276
class 37 277 47 289
class 178 277 188 289
class 87 278 97 290
class 161 289 171 301
class 221 292 231 304
