class 80 -5 90 7
class 286 -2 296 10
class 60 -1 70 11
class 217 5 227 17
class 11 6 21 18
class 225 6 235 18
class 103 19 113 31
class 49 23 59 35
class 125 59 135 71
class 264 66 274 78
class 51 69 61 81
class 230 90 240 102
class 196 99 206 111
class 123 114 133 126
class 145 117 155 129
class 230 121 240 133
class 174 123 184 135
class 161 132 171 144
class 124 150 134 162
class 288 159 298 171
class 218 162 228 174
class 287 162 297 174
class 34 165 44 177
class 123 186 133 198
class 252 187 262 199
class 160 199 170 211
class 59 211 69 223
class 260 215 270 227
class 93 220 103 232
class 182 220 192 232
class 232 221 242 233
class 78 230 88 242
class 291 230 301 242
class 199 236 209 248
class 20 239 30 251
class 139 244 149 256
class 291 247 301 259
class 232 256 242 268
class 65 261 75 273
class 57 285 67 297
