class 182 1 192 13
class 2 30 12 42
class 292 31 302 43
class 49 32 59 44
class 262 33 272 45
class 292 35 302 47
class 60 51 70 63
class 88 57 98 69
class 280 73 290 85
class 175 75 185 87
class 46 86 56 98
class 264 93 274 105
class 57 102 67 114
class 78 106 88 118
class 153 123 163 135
class 222 140 232 152
class 256 140 266 152
class 78 146 88 158
class 219 146 229 158
class 231 147 241 159
class 86 149 96 161
class 265 150 275 162
class 112 185 122 197
class 177 201 187 213
class 277 207 287 219
class 37 209 47 221
class 187 211 197 223
class 82 215 92 227
class 238 218 248 230
class 188 222 198 234
class 109 227 119 239
class 164 233 174 245
class 267 235 277 247
class 126 238 136 250
class 87 253 97 265
class 222 260 232 272
class 251 260 261 272
class 241 264 251 276
class 39 276 49 288
class 8 289 18 301
