class 277 -3 287 9
class 197 5 207 17
class 35 9 45 21
class 121 18 131 30
class 56 43 66 55
class 153 44 163 56
class 231 62 241 74
class 135 72 145 84
class 34 74 44 86
class 264 74 274 86
class 225 75 235 87
class 203 83 213 95
class 76 88 86 100
class 162 99 172 111
class 230 107 240 119
class 169 112 179 124
class 113 113 123 125
class 218 133 228 145
class 144 138 154 150
class 126 144 136 156
class 248 145 258 157
class 14 147 24 159
class 23 147 33 159
class 232 173 242 185
class 11 178 21 190
class 149 194 159 206
class 2 202 12 214
class 22 202 32 214
class 229 226 239 238
class 102 227 112 239
class 149 229 159 241
class 157 232 167 244
class 270 234 280 246
class 48 236 58 248
class 248 257 258 269
class 104 274 114 286
class 168 275 178 287
class 208 281 218 293
class 23 286 33 298
class 286 288 296 300
