class 43 10 53 22
class 144 22 154 34
class 183 26 193 38
class 179 50 189 62
class 51 53 61 65
class 225 54 235 66
class 236 54 246 66
class 266 62 276 74
class 221 78 231 90
class 27 88 37 100
class 182 90 192 102
class 130 93 140 105
class 4 102 14 114
class 264 102 274 114
class 73 109 83 121
class 87 120 97 132
class 54 131 64 143
class 188 138 198 150
class 227 141 237 153
class 250 146 260 158
class 75 151 85 163
class 183 159 193 171
class 2 165 12 177
class 79 177 89 189
class 208 184 218 196
class 115 191 125 203
class 75 205 85 217
class 87 218 97 230
class 239 235 249 247
class 180 236 190 248
class 25 249 35 261
class 146 256 156 268
class 113 258 123 270
class 65 259 75 271
class 6 261 16 273
class 94 270 104 282
class 270 271 280 283
class 139 276 149 288
class 151 278 161 290
class 284 286 294 298
