class 20 -2 30 10
class 87 14 97 26
class 248 29 258 41
class 10 35 20 47
class 161 35 171 47
class 71 37 81 49
class 196 45 206 57
class 232 48 242 60
class 246 53 256 65
class 112 55 122 67
class 112 78 122 90
class 133 78 143 90
class 97 80 107 92
class 31 86 41 98
class 198 93 208 105
class 257 106 267 118
class 228 111 238 123
class 140 128 150 140
class 17 133 27 145
class 89 135 99 147
class 247 135 257 147
class 226 149 236 161
class 265 156 275 168
class 218 179 228 191
class -2 181 8 193
class 199 192 209 204
class 211 193 221 205
class 199 197 209 209
class 278 203 288 215
class 75 205 85 217
class 254 210 264 222
class 6 211 16 223
class 141 225 151 237
class 23 227 33 239
class 165 236 175 248
class 254 243 264 255
class 135 259 145 271
class 165 271 175 283
class 7 279 17 291
class 52 290 62 302
