class 74 6 84 18
class 135 6 145 18
class 13 7 23 19
class 22 9 32 21
class 33 13 43 25
class 8 18 18 30
class 254 32 264 44
class 48 34 58 46
class 69 34 79 46
class 51 50 61 62
class 70 74 80 86
class 105 80 115 92
class 272 80 282 92
class 167 95 177 107
class 189 103 199 115
class 81 105 91 117
class 220 105 230 117
class 242 112 252 124
class 78 116 88 128
class 234 116 244 128
class 220 125 230 137
class 267 134 277 146
class 136 136 146 148
class 252 151 262 163
class 270 178 280 190
class 110 183 120 195
class 138 196 148 208
class 82 221 92 233
class 1 222 11 234
class 204 225 214 237
class 193 232 203 244
class 73 237 83 249
class 94 249 104 261
class 270 256 280 268
class 219 269 229 281
class 11 270 21 282
class 266 276 276 288
class 105 278 115 290
class 167 279 177 291
class 138 284 148 296
