class 271 13 281 25
class 33 17 43 29
class 224 17 234 29
class 11 27 21 39
class 232 38 242 50
class 150 50 160 62
class -1 63 9 75
class 282 67 292 79
class 265 75 275 87
class 14 112 24 124
class 153 115 163 127
class 178 121 188 133
class 57 137 67 149
class 193 158 203 170
class 266 162 276 174
class 85 166 95 178
class 164 166 174 178
class 213 174 223 186
class 43 176 53 188
class 65 181 75 193
class 107 184 117 196
class 236 189 246 201
class 28 190 38 202
class 196 190 206 202
class 236 194 246 206
class 79 195 89 207
class 205 200 215 212
class 141 202 151 214
class 183 203 193 215
class 92 212 102 224
class 237 214 247 226
class 43 231 53 243
class 218 232 228 244
class 291 233 301 245
class 246 236 256 248
class 229 242 239 254
class 92 254 102 266
class -1 257 9 269
class 180 267 190 279
class 143 292 153 304
