class 128 3 138 15
class 179 5 189 17
class 166 15 176 27
class 222 15 232 27
class 287 21 297 33
class -1 22 9 34
class 134 33 144 45
class 107 34 117 46
class 18 38 28 50
class 130 42 140 54
class 169 42 179 54
class 143 43 153 55
class 74 49 84 61
class 104 57 114 69
class 157 68 167 80
class 236 95 246 107
class 139 122 149 134
class 265 144 275 156
class 178 160 188 172
class 281 160 291 172
class 31 177 41 189
class 69 178 79 190
class 24 188 34 200
class 133 190 143 202
class 250 190 260 202
class 193 194 203 206
class 146 209 156 221
class 103 214 113 226
class 140 219 150 231
class 148 221 158 233
class 76 248 86 260
class 150 257 160 269
class 31 268 41 280
class 65 272 75 284
class 170 272 180 284
class 38 273 48 285
class 120 275 130 287
class 67 278 77 290
class 17 283 27 295
class 68 287 78 299
