class 291 10 301 22
class 247 21 257 33
class 257 45 267 57
class 97 48 107 60
class 79 51 89 63
class 8 52 18 64
class 159 54 169 66
class 0 56 10 68
class 196 63 206 75
class 195 66 205 78
class 255 71 265 83
class 187 79 197 91
class 67 80 77 92
class 151 98 161 110
class 23 111 33 123
class 34 111 44 123
class 129 114 139 126
class 283 117 293 129
class 160 118 170 130
class 150 121 160 133
class 208 127 218 139
class 129 138 139 150
class 293 140 303 152
class 96 144 106 156
class 239 165 249 177
class 10 182 20 194
class 261 184 271 196
class 186 188 196 200
class 122 190 132 202
class 108 195 118 207
class 190 200 200 212
class 189 224 199 236
class 287 228 297 240
class 293 235 303 247
class 44 239 54 251
class 199 250 209 262
class 104 253 114 265
class 215 277 225 289
class 33 289 43 301
class 38 292 48 304
