class 280 8 290 20
class 103 14 113 26
class 115 20 125 32
class 155 21 165 33
class 209 33 219 45
class 221 42 231 54
class 86 49 96 61
class 180 71 190 83
class 128 82 138 94
class 184 83 194 95
class 64 85 74 97
class 240 95 250 107
class 83 105 93 117
class 263 129 273 141
class 86 135 96 147
class 213 140 223 152
class 70 143 80 155
class 219 151 229 163
class 119 159 129 171
class 72 160 82 172
class 9 165 19 177
class 185 169 195 181
class 182 177 192 189
class 37 183 47 195
class 159 201 169 213
class 8 203 18 215
class 232 207 242 219
class 21 223 31 235
class 140 236 150 248
class 141 246 151 258
class 250 250 260 262
class 168 252 178 264
class 164 257 174 269
class 177 262 187 274
class 281 262 291 274
class 16 264 26 276
class 278 277 288 289
class 125 282 135 294
class 162 288 172 300
class 116 293 126 305
