class 171 -3 181 9
class 68 7 78 19
class -2 18 8 30
class 176 18 186 30
class 153 23 163 35
class 15 52 25 64
class 209 53 219 65
class 192 58 202 70
class 250 59 260 71
class 104 62 114 74
class 73 68 83 80
class 163 78 173 90
class 202 84 212 96
class 263 92 273 104
class 26 100 36 112
class 132 103 142 115
class 39 122 49 134
class 38 135 48 147
class 83 147 93 159
class 265 164 275 176
class 262 169 272 181
class 294 179 304 191
class 195 187 205 199
class 55 189 65 201
class 183 189 193 201
class 131 213 141 225
class 254 218 264 230
class 95 222 105 234
class 191 223 201 235
class 146 245 156 257
class 84 246 94 258
class 191 256 201 268
class 95 261 105 273
class 1 265 11 277
class 17 273 27 285
class 157 273 167 285
class 219 274 229 286
class 167 279 177 291
class 87 283 97 295
class 115 285 125 297
