class 108 -2 118 10
class 265 23 275 35
class 208 47 218 59
class 41 65 51 77
class 263 115 273 127
class 63 119 73 131
class 64 122 74 134
class 235 127 245 139
class 220 130 230 142
class 11 132 21 144
class 233 133 243 145
class 187 135 197 147
class 261 136 271 148
class -3 146 7 158
class 177 153 187 165
class 226 155 236 167
class 245 156 255 168
class 197 159 207 171
class 293 169 303 181
class 243 170 253 182
class 275 178 285 190
class 158 182 168 194
class 39 189 49 201
class 83 189 93 201
class 16 193 26 205
class 128 195 138 207
class 107 204 117 216
class 232 208 242 220
class 53 216 63 228
class 97 220 107 232
class 227 229 237 241
class 270 231 280 243
class 127 236 137 248
class 279 238 289 250
class 256 241 266 253
class 192 268 202 280
class 286 281 296 293
class 55 283 65 295
class 12 287 22 299
class 244 289 254 301
