class 161 0 171 12
class 118 11 128 23
class 290 11 300 23
class 195 38 205 50
class 275 42 285 54
class 278 42 288 54
class 23 57 33 69
class 101 67 111 79
class 261 70 271 82
class 50 74 60 86
class -2 82 8 94
class 130 89 140 101
class 292 109 302 121
class 154 112 164 124
class 290 138 300 150
class 164 144 174 156
class 183 147 193 159
class 92 155 102 167
class 107 155 117 167
class 196 156 206 168
class 104 158 114 170
class 170 162 180 174
class 252 166 262 178
class 211 172 221 184
class 7 180 17 192
class 83 186 93 198
class 289 187 299 199
class 205 197 215 209
class 18 216 28 228
class 53 218 63 230
class 214 231 224 243
class 260 231 270 243
class 139 233 149 245
class 227 250 237 262
class 81 254 91 266
class 85 275 95 287
class 50 276 60 288
class 89 286 99 298
class 87 289 97 301
class 249 291 259 303
