class 58 -5 68 7
class 176 -2 186 10
class 34 2 44 14
class 269 9 279 21
class -5 20 5 32
class 117 29 127 41
class 234 41 244 53
class 33 45 43 57
class 108 47 118 59
class 192 74 202 86
class 197 74 207 86
class 145 76 155 88
class 29 83 39 95
class 15 99 25 111
class 108 107 118 119
class 85 123 95 135
class 129 133 139 145
class 7 135 17 147
class 143 135 153 147
class 226 158 236 170
class 281 159 291 171
class 115 173 125 185
class 287 177 297 189
class 52 188 62 200
class 243 210 253 222
class 275 210 285 222
class 8 215 18 227
class 47 216 57 228
class 173 216 183 228
class 2 224 12 236
class 144 227 154 239
class 273 227 283 239
class 193 235 203 247
class 290 236 300 248
class 288 257 298 269
class 6 260 16 272
class 178 266 188 278
class 22 267 32 279
class 32 271 42 283
class 108 274 118 286
