class 148 -6 158 6
class 45 -1 55 11
class 17 0 27 12
class 40 1 50 13
class 95 15 105 27
class 62 26 72 38
class 57 41 67 53
class 72 47 82 59
class 31 55 41 67
class 6 58 16 70
class 158 79 168 91
class 265 79 275 91
class 130 83 140 95
class 256 84 266 96
class 160 90 170 102
class 186 96 196 108
class 271 106 281 118
class 123 116 133 128
class 69 117 79 129
class 141 118 151 130
class 284 130 294 142
class -2 162 8 174
class 120 162 130 174
class 239 173 249 185
class 50 174 60 186
class 196 183 206 195
class 34 185 44 197
class 5 197 15 209
class 176 200 186 212
class -5 208 5 220
class 212 208 222 220
class 132 214 142 226
class 170 216 180 228
class 52 221 62 233
class 108 232 118 244
class 73 258 83 270
class 290 261 300 273
class 78 279 88 291
class 95 282 105 294
class 110 292 120 304
