class 184 9 194 21
class 181 14 191 26
class 214 17 224 29
class 51 30 61 42
class 146 37 156 49
class 96 40 106 52
class 266 49 276 61
class 53 68 63 80
class 37 69 47 81
class 21 72 31 84
class 146 72 156 84
class 180 74 190 86
class 42 80 52 92
class 39 103 49 115
class 249 105 259 117
class 272 119 282 131
class 199 125 209 137
class 93 126 103 138
class 151 130 161 142
class 39 136 49 148
class 263 143 273 155
class 273 148 283 160
class 116 171 126 183
class 58 193 68 205
class 117 193 127 205
class 283 194 293 206
class 75 201 85 213
class 127 214 137 226
class 5 219 15 231
class 118 235 128 247
class 5 243 15 255
class 78 250 88 262
class 90 253 100 265
class 181 260 191 272
class 276 260 286 272
class 86 265 96 277
class 213 268 223 280
class 192 276 202 288
class 53 283 63 295
class 193 284 203 296
