class 196 10 206 22
class 269 28 279 40
class 53 30 63 42
class 186 30 196 42
class 189 37 199 49
class 56 41 66 53
class 32 45 42 57
class 236 45 246 57
class 23 52 33 64
class 152 63 162 75
class 199 75 209 87
class 206 78 216 90
class 208 82 218 94
class 33 95 43 107
class 5 100 15 112
class 158 100 168 112
class 286 125 296 137
class 114 156 124 168
class 124 162 134 174
class 177 176 187 188
class 256 179 266 191
class 218 186 228 198
class 155 194 165 206
class 37 197 47 209
class 169 197 179 209
class 60 201 70 213
class 287 210 297 222
class 21 221 31 233
class 131 221 141 233
class 267 224 277 236
class 184 238 194 250
class 123 239 133 251
class 184 249 194 261
class 282 264 292 276
class 290 264 300 276
class 21 268 31 280
class 33 277 43 289
class 189 284 199 296
class 65 289 75 301
class 193 290 203 302
