class 172 -5 182 7
class 210 -1 220 11
class 59 16 69 28
class 139 20 149 32
class 148 32 158 44
class 232 39 242 51
class 139 41 149 53
class 228 41 238 53
class 3 68 13 80
class 292 74 302 86
class 155 78 165 90
class 276 83 286 95
class 216 89 226 101
class 258 94 268 106
class 227 99 237 111
class 141 100 151 112
class 98 119 108 131
class 58 122 68 134
class 106 124 116 136
class 171 125 181 137
class 165 133 175 145
class 46 163 56 175
class 256 167 266 179
class 102 178 112 190
class 96 180 106 192
class 238 188 248 200
class 132 193 142 205
class 203 196 213 208
class 262 205 272 217
class 253 220 263 232
class 181 221 191 233
class 65 236 75 248
class 105 256 115 268
class 180 258 190 270
class 65 260 75 272
class 163 266 173 278
class 11 271 21 283
class 102 283 112 295
class -2 291 8 303
class 176 292 186 304
