class 145 9 155 21
class 94 11 104 23
class 32 18 42 30
class 86 22 96 34
class 256 28 266 40
class 290 30 300 42
class 162 34 172 46
class 226 36 236 48
class 35 42 45 54
class 231 54 241 66
class 0 56 10 68
class 176 64 186 76
class 121 87 131 99
class 87 100 97 112
class 110 100 120 112
class 207 113 217 125
class 48 119 58 131
class 180 119 190 131
class 3 127 13 139
class 259 142 269 154
class 214 144 224 156
class 50 150 60 162
class 100 157 110 169
class 64 178 74 190
class 70 182 80 194
class 179 191 189 203
class 59 201 69 213
class 250 207 260 219
class 134 215 144 227
class 148 218 158 230
class 280 221 290 233
class 275 233 285 245
class 29 242 39 254
class 172 242 182 254
class 88 247 98 259
class 89 252 99 264
class 229 265 239 277
class 36 268 46 280
class 288 269 298 281
class 72 272 82 284
