class 133 11 143 23
class 127 12 137 24
class 243 49 253 61
class 6 50 16 62
class 153 53 163 65
class 102 55 112 67
class 79 60 89 72
class 185 67 195 79
class 109 72 119 84
class 6 74 16 86
class 153 75 163 87
class 109 78 119 90
class 134 85 144 97
class 139 100 149 112
class 197 101 207 113
class 219 108 229 120
class 257 113 267 125
class 196 125 206 137
class 290 134 300 146
class 109 142 119 154
class 87 148 97 160
class 30 150 40 162
class 249 165 259 177
class 58 173 68 185
class 239 173 249 185
class 117 182 127 194
class 61 200 71 212
class 26 218 36 230
class 235 224 245 236
class 212 230 222 242
class 198 248 208 260
class 261 253 271 265
class 173 256 183 268
class 16 257 26 269
class 64 261 74 273
class 178 288 188 300
class 171 290 181 302
class 100 292 110 304
class 106 292 116 304
class 132 293 142 305
