class 289 2 299 14
class 18 5 28 17
class 100 9 110 21
class 278 24 288 36
class 41 29 51 41
class 15 33 25 45
class 17 38 27 50
class 5 50 15 62
class 23 59 33 71
class 114 66 124 78
class 77 97 87 109
class 94 98 104 110
class 62 105 72 117
class 284 109 294 121
class 15 121 25 133
class 259 122 269 134
class 5 126 15 138
class 157 131 167 143
class 201 136 211 148
class 92 139 102 151
class 106 140 116 152
class 206 147 216 159
class -4 151 6 163
class 291 160 301 172
class 219 162 229 174
class 0 164 10 176
class 93 166 103 178
class 115 179 125 191
class 4 182 14 194
class 10 184 20 196
class 11 185 21 197
class 251 195 261 207
class 97 200 107 212
class 232 240 242 252
class 262 243 272 255
class 206 252 216 264
class 183 259 193 271
class 290 259 300 271
class 200 282 210 294
class 185 292 195 304
