class 50 -5 60 7
class 95 -3 105 9
class 180 -2 190 10
class 27 11 37 23
class 31 12 41 24
class 57 20 67 32
class 238 22 248 34
class 161 34 171 46
class 128 41 138 53
class 68 43 78 55
class 48 46 58 58
class 193 48 203 60
class 39 58 49 70
class 105 59 115 71
class 231 68 241 80
class 233 68 243 80
class 228 89 238 101
class 2 90 12 102
class 133 92 143 104
class 244 92 254 104
class 5 94 15 106
class 266 111 276 123
class 43 134 53 146
class 133 143 143 155
class 163 143 173 155
class 125 144 135 156
class 145 150 155 162
class 285 184 295 196
class 255 187 265 199
class 196 194 206 206
class 152 214 162 226
class 275 218 285 230
class 153 222 163 234
class 213 230 223 242
class 241 246 251 258
class 102 248 112 260
class 36 253 46 265
class 118 255 128 267
class 14 275 24 287
class 38 285 48 297
