class 273 -1 283 11
class 109 14 119 26
class 50 18 60 30
class 119 26 129 38
class 175 40 185 52
class 168 43 178 55
class 55 48 65 60
class 21 52 31 64
class 36 55 46 67
class 209 56 219 68
class 29 67 39 79
class 202 98 212 110
class 60 100 70 112
class 159 109 169 121
class 190 129 200 141
class 27 133 37 145
class 13 138 23 150
class 32 139 42 151
class 76 141 86 153
class 39 147 49 159
class 273 149 283 161
class 91 166 101 178
class 165 170 175 182
class 38 181 48 193
class 21 186 31 198
class 237 188 247 200
class 16 200 26 212
class 1 207 11 219
class 165 210 175 222
class 178 217 188 229
class 85 231 95 243
class 209 233 219 245
class 89 234 99 246
class 47 240 57 252
class 81 245 91 257
class 76 253 86 265
class 201 253 211 265
class 128 270 138 282
class 195 281 205 293
class 129 290 139 302
