class 74 11 84 23
class 206 21 216 33
class 215 26 225 38
class 162 39 172 51
class 195 44 205 56
class 133 57 143 69
class 292 61 302 73
class 123 63 133 75
class 75 69 85 81
class 279 87 289 99
class 18 89 28 101
class 291 93 301 105
class 245 101 255 113
class 226 109 236 121
class 184 113 194 125
class 222 136 232 148
class 253 138 263 150
class 183 139 193 151
class 49 145 59 157
class 294 155 304 167
class 84 157 94 169
class 125 158 135 170
class 164 159 174 171
class 210 166 220 178
class 207 173 217 185
class 266 187 276 199
class 165 189 175 201
class 289 194 299 206
class 210 210 220 222
class 265 211 275 223
class 15 213 25 225
class 43 213 53 225
class 54 223 64 235
class 181 229 191 241
class 219 244 229 256
class 255 260 265 272
class 86 286 96 298
class 109 286 119 298
class 246 290 256 302
class 205 292 215 304
