class 138 6 148 18
class 113 15 123 27
class 3 22 13 34
class 159 34 169 46
class 250 48 260 60
class 205 66 215 78
class 239 75 249 87
class 210 82 220 94
class 56 114 66 126
class 132 114 142 126
class 144 117 154 129
class 56 120 66 132
class 184 128 194 140
class 245 132 255 144
class 102 156 112 168
class 63 158 73 170
class 274 168 284 180
class 209 177 219 189
class 100 178 110 190
class 113 216 123 228
class 95 217 105 229
class 57 218 67 230
class 9 224 19 236
class 158 231 168 243
class 76 233 86 245
class 281 233 291 245
class 229 236 239 248
class 201 237 211 249
class 269 239 279 251
class 97 241 107 253
class 76 253 86 265
class 280 253 290 265
class 203 258 213 270
class 159 261 169 273
class 271 269 281 281
class 57 275 67 287
class 106 281 116 293
class 287 282 297 294
class 31 285 41 297
class 141 291 151 303
