class 67 -4 77 8
class 246 -3 256 9
class 224 0 234 12
class 266 3 276 15
class 48 6 58 18
class 79 6 89 18
class 45 30 55 42
class 214 34 224 46
class 164 42 174 54
class 73 55 83 67
class 212 62 222 74
class 194 73 204 85
class 250 84 260 96
class 21 111 31 123
class 104 115 114 127
class 84 121 94 133
class 211 125 221 137
class 75 129 85 141
class 37 150 47 162
class 91 155 101 167
class 61 165 71 177
class 4 171 14 183
class 210 181 220 193
class 99 202 109 214
class 181 207 191 219
class 221 211 231 223
class 124 219 134 231
class 170 221 180 233
class 100 222 110 234
class 52 224 62 236
class 63 229 73 241
class 37 230 47 242
class 26 233 36 245
class 169 238 179 250
class 180 242 190 254
class 187 253 197 265
class 267 259 277 271
class 148 270 158 282
class 286 285 296 297
class 288 293 298 305
