class 236 -5 246 7
class 69 6 79 18
class 134 10 144 22
class 93 24 103 36
class 193 28 203 40
class 35 29 45 41
class 104 31 114 43
class 226 32 236 44
class 129 42 139 54
class 141 45 151 57
class 146 45 156 57
class 244 62 254 74
class 279 68 289 80
class 254 79 264 91
class 5 89 15 101
class 169 90 179 102
class 165 96 175 108
class 169 98 179 110
class 25 106 35 118
class 96 120 106 132
class 237 134 247 146
class 209 145 219 157
class 282 148 292 160
class 294 152 304 164
class 182 158 192 170
class 226 158 236 170
class 53 160 63 172
class 132 170 142 182
class 95 175 105 187
class 48 183 58 195
class 156 195 166 207
class 105 231 115 243
class 90 243 100 255
class 179 248 189 260
class 81 275 91 287
class 231 276 241 288
class 269 277 279 289
class 6 284 16 296
class 88 288 98 300
class 200 289 210 301
