class 0.7736510634422302 67 2 77 12
class 0.5125870108604431 70 2 79 8
class 0.3709477484226227 88 0 97 4
class 0.6445488333702087 91 0 100 5
class 0.6794646382331848 8 11 18 22
class 0.6149731278419495 148 10 157 21
class 0.3774687349796295 144 13 154 22
class 0.6136681437492371 173 13 182 26
class 0.6681109666824341 22 24 33 35
class 0.6371740102767944 185 27 196 40
class 0.5585870146751404 133 41 143 52
class 0.8775964975357056 0 50 6 61
class 0.5021268725395203 119 49 130 60
class 0.6088817715644836 124 51 135 63
class 0.5948724150657654 170 54 181 67
class 0.6396694183349609 65 64 76 75
class 0.5187879204750061 88 66 99 76
class 0.7078565955162048 97 69 106 81
class 0.7263282537460327 140 69 151 82
class 0.7543160319328308 153 74 164 85
class 0.6748736500740051 131 83 140 96
class 0.35852473974227905 175 87 184 99
class 0.5443458557128906 30 106 39 117
class 0.7191951274871826 79 106 91 121
class 0.7313051223754883 96 102 104 113
class 0.555067241191864 146 108 154 118
class 0.3912699818611145 161 103 174 117
class 0.32838955521583557 129 111 140 122
class 0.5743485689163208 46 121 57 134
class 0.544388473033905 149 128 158 138
class 0.7143994569778442 186 132 196 145
class 0.5648514032363892 67 153 77 166
class 0.3881327509880066 72 156 82 167
class 0.32772281765937805 77 157 86 170
class 0.4188079833984375 83 158 93 172
class 0.5758355259895325 81 160 89 171
class 0.5482085347175598 90 158 101 170
class 0.5145496726036072 37 171 46 183
class 0.48482728004455566 22 182 32 194
class 0.458102822303772 19 185 29 196
class 0.6441547870635986 64 191 76 199
class 0.6193569302558899 89 190 101 199
class 0.6476536989212036 147 185 157 196
class 0.653771698474884 179 192 189 199
