class 0.7169468998908997 15 0 24 7
class 0.7001684904098511 110 0 119 9
class 0.8265940546989441 180 1 190 14
class 0.7021389603614807 74 11 84 24
class 0.578622043132782 30 16 38 29
class 0.6193264722824097 54 17 65 30
class 0.3901449739933014 81 18 89 29
class 0.6061862111091614 128 23 140 35
class 0.49658462405204773 131 18 143 28
class 0.5184662938117981 99 28 109 41
class 0.7063531875610352 34 37 44 49
class 0.6608731746673584 104 43 115 56
class 0.6042380332946777 154 44 164 56
class 0.6439066529273987 71 52 81 65
class 0.6132493019104004 133 53 145 65
class 0.6008280515670776 168 66 179 77
class 0.8784328103065491 0 83 6 95
class 0.6772261261940002 175 84 184 97
class 0.8487417101860046 0 108 7 119
class 0.6743682622909546 139 106 150 120
class 0.5053659677505493 179 108 189 121
class 0.7539123296737671 189 105 197 119
class 0.685613214969635 75 116 86 128
class 0.7097896337509155 101 111 111 124
class 0.6272191405296326 122 117 132 132
class 0.4470844566822052 156 117 164 125
class 0.5656507611274719 171 124 183 137
class 0.6050815582275391 60 134 71 145
class 0.6005168557167053 140 132 151 144
class 0.5924456715583801 67 143 77 156
class 0.614127516746521 158 144 167 156
class 0.6510278582572937 2 160 9 174
class 0.6111405491828918 51 168 59 181
class 0.6290934681892395 61 170 71 182
class 0.6816132664680481 171 163 181 177
class 0.7972480654716492 3 188 12 198
class 0.631000280380249 21 186 31 199
