class 0.8049889802932739 78 1 86 10
class 0.8486670851707458 169 0 181 6
class 0.6684494614601135 61 9 70 20
class 0.3551222085952759 89 16 101 28
class 0.6161269545555115 67 43 77 55
class 0.5243725180625916 93 58 103 71
class 0.4633767306804657 115 59 126 71
class 0.5144866108894348 149 66 161 78
class 0.5761703252792358 177 61 189 73
class 0.8930652141571045 9 71 18 83
class 0.35360845923423767 41 77 54 88
class 0.6182127594947815 122 69 132 81
class 0.49644628167152405 165 73 175 84
class 0.5951879024505615 16 85 30 99
class 0.3284434676170349 39 79 48 90
class 0.569448709487915 71 85 83 96
class 0.4283290207386017 71 93 80 104
class 0.6973028182983398 1 107 10 120
class 0.4409838020801544 15 116 26 131
class 0.38609758019447327 75 111 86 124
class 0.41291528940200806 24 125 35 137
class 0.45974552631378174 28 129 37 141
class 0.6344583630561829 56 123 67 135
class 0.5173134207725525 102 125 112 137
class 0.5412551164627075 130 125 140 138
class 0.6334394216537476 160 122 171 134
class 0.8333017826080322 0 144 8 155
class 0.7121838927268982 88 143 97 154
class 0.6667884588241577 129 141 141 156
class 0.7360692620277405 6 159 18 172
class 0.4696279764175415 111 152 122 167
class 0.5570491552352905 185 154 195 166
class 0.6327083110809326 109 166 119 176
class 0.6966301798820496 138 165 149 178
class 0.5366563200950623 171 168 182 180
class 0.6532493233680725 35 174 45 188
class 0.6778261661529541 109 186 118 195
class 0.6445096731185913 133 187 144 197
