class 0.7406176924705505 111 1 122 14
class 0.7691941261291504 174 0 185 6
class 0.6446499228477478 35 17 46 31
class 0.6566252112388611 53 23 64 36
class 0.5716091990470886 93 17 103 27
class 0.6204165816307068 169 23 181 35
class 0.5942550897598267 34 34 43 46
class 0.5568031668663025 49 28 60 39
class 0.6828397512435913 82 32 91 45
class 0.6301999092102051 15 43 24 54
class 0.616946280002594 39 40 49 52
class 0.48641887307167053 112 45 121 58
class 0.6750702261924744 184 55 197 65
class 0.6191021800041199 76 58 87 71
class 0.5622149705886841 48 69 58 82
class 0.4940977096557617 174 74 184 85
class 0.7457509636878967 191 70 199 83
class 0.6753996014595032 35 81 44 95
class 0.5809546113014221 38 85 49 100
class 0.7816672921180725 154 81 163 93
class 0.6355946660041809 56 89 66 103
class 0.77558833360672 143 90 153 104
class 0.6452403664588928 180 90 192 101
class 0.6804670095443726 80 106 90 118
class 0.6125408411026001 36 114 46 125
class 0.755235493183136 93 112 104 125
class 0.49023038148880005 169 111 179 126
class 0.6964686512947083 101 138 111 151
class 0.7117006778717041 119 140 130 151
class 0.5605571866035461 111 146 123 162
class 0.46104851365089417 132 142 143 155
class 0.3350813388824463 69 157 80 170
class 0.6237115263938904 137 162 148 176
class 0.6718631386756897 21 186 31 196
class 0.7123526930809021 171 188 180 198
class 0.5288869142532349 174 189 184 199
