class 0.6270361542701721 60 2 70 9
class 0.8557922840118408 91 2 102 13
class 0.6347658038139343 122 1 132 13
class 0.8111628293991089 160 0 170 8
class 0.759110689163208 164 0 177 8
class 0.7352539300918579 14 6 25 17
class 0.6805994510650635 106 13 115 24
class 0.6803973913192749 139 9 151 23
class 0.7200101017951965 193 13 199 23
class 0.5689889192581177 64 18 74 32
class 0.5133653879165649 140 16 151 29
class 0.3079787790775299 1 35 7 47
class 0.7763890624046326 2 37 10 49
class 0.6881992816925049 72 42 80 54
class 0.6542116403579712 134 44 146 56
class 0.7064719200134277 153 39 164 51
class 0.5672832131385803 15 49 24 61
class 0.38989394903182983 16 55 28 66
class 0.5533313751220703 79 54 91 66
class 0.5714085698127747 152 52 161 66
class 0.6323865652084351 39 59 48 72
class 0.6678251028060913 116 64 124 76
class 0.6938158869743347 172 65 183 78
class 0.6668278574943542 50 74 61 87
class 0.674058735370636 114 68 123 82
class 0.6051486134529114 148 76 161 89
class 0.3330704867839813 142 81 150 93
class 0.5297288298606873 145 79 156 91
class 0.5269345641136169 124 102 135 114
class 0.7782045602798462 188 106 199 119
class 0.6415824890136719 71 127 83 140
class 0.5134925842285156 139 129 149 142
class 0.5281133055686951 35 138 45 150
class 0.5459723472595215 51 134 62 146
class 0.6903960108757019 6 148 17 160
class 0.6895049214363098 22 150 32 161
class 0.7588180899620056 12 169 22 182
class 0.5416466593742371 76 168 88 181
class 0.624771237373352 42 180 53 192
class 0.5691864490509033 67 189 77 199
