class 0.7858351469039917 135 2 145 15
class 0.7760727405548096 189 0 197 10
class 0.6820309162139893 43 13 55 26
class 0.6398108601570129 57 10 67 23
class 0.5367236733436584 76 13 86 25
class 0.6814283132553101 148 13 158 27
class 0.675586998462677 166 12 176 23
class 0.7378237843513489 32 17 43 29
class 0.7043882012367249 46 33 56 46
class 0.7432824373245239 94 38 104 52
class 0.7407222986221313 64 66 74 77
class 0.5673895478248596 123 64 132 76
class 0.6671050190925598 150 58 160 72
class 0.7916151881217957 53 76 63 88
class 0.7167332768440247 115 76 126 88
class 0.7772101163864136 29 83 39 95
class 0.788790225982666 17 92 29 108
class 0.6979331374168396 80 97 91 111
class 0.7246270775794983 0 101 5 114
class 0.669287383556366 46 105 57 117
class 0.626462459564209 107 106 117 118
class 0.5382643342018127 101 106 112 121
class 0.547286331653595 110 101 123 114
class 0.6713320016860962 168 106 180 120
class 0.3710499405860901 24 118 34 131
class 0.6615006923675537 4 127 11 139
class 0.6567844152450562 7 125 18 138
class 0.8400847911834717 24 124 34 137
class 0.5624813437461853 18 127 28 138
class 0.4324726462364197 28 121 37 133
class 0.7035874128341675 49 125 57 136
class 0.6963369846343994 109 128 119 140
class 0.5958876013755798 57 143 67 156
class 0.5528494119644165 152 160 161 172
class 0.5357686877250671 61 163 73 175
class 0.7768088579177856 130 163 140 176
class 0.6405634880065918 12 173 22 186
class 0.5948853492736816 27 175 37 187
class 0.4561680853366852 118 182 129 194
class 0.5866347551345825 122 185 132 196
