class 0.7139989733695984 190 1 198 12
class 0.6394961476325989 166 6 175 17
class 0.6334967017173767 182 7 193 21
class 0.7045396566390991 182 21 193 34
class 0.5835660099983215 120 28 130 41
class 0.3271750807762146 173 33 181 47
class 0.40096792578697205 176 31 185 42
class 0.459156334400177 176 36 183 43
class 0.5298681259155273 149 45 157 56
class 0.48085159063339233 145 47 152 55
class 0.6725877523422241 15 55 24 66
class 0.4901854991912842 23 52 36 65
class 0.7616654634475708 77 56 86 66
class 0.6148284077644348 100 54 111 67
class 0.5891361832618713 149 50 158 60
class 0.3444043695926666 75 58 84 69
class 0.8650535941123962 2 71 11 82
class 0.6996613144874573 102 76 111 88
class 0.7176232933998108 23 90 33 103
class 0.614697277545929 60 95 72 107
class 0.7061729431152344 182 91 192 102
class 0.7720497846603394 192 105 199 118
class 0.7421782612800598 82 118 92 129
class 0.6226217746734619 158 112 168 123
class 0.7605750560760498 192 115 199 127
class 0.6934853792190552 87 128 96 138
class 0.6988975405693054 6 138 16 150
class 0.6334531307220459 34 136 45 149
class 0.6331514716148376 133 139 141 150
class 0.6889335513114929 152 139 161 149
class 0.7033587098121643 156 138 165 150
class 0.3223879933357239 3 146 8 161
class 0.7149245738983154 109 149 118 161
class 0.7384889721870422 193 144 199 155
class 0.8103621602058411 1 154 9 166
class 0.665514349937439 8 154 18 165
class 0.4526563882827759 39 160 49 172
class 0.6302522420883179 151 159 162 171
class 0.6941129565238953 108 171 118 183
class 0.7095326781272888 167 169 178 182
class 0.5879451036453247 26 185 37 196
class 0.6547712683677673 65 191 77 199
