class 0.733640193939209 57 0 66 8
class 0.654593288898468 120 1 130 13
class 0.8023889660835266 162 1 171 8
class 0.6097400188446045 171 10 182 21
class 0.42711955308914185 27 23 38 37
class 0.5961218476295471 81 21 92 36
class 0.6454464793205261 170 23 180 35
class 0.4791949987411499 109 26 119 38
class 0.5810384154319763 150 31 160 43
class 0.5372042655944824 5 38 17 48
class 0.6456308364868164 178 44 189 55
class 0.6387521028518677 95 52 105 65
class 0.6101741194725037 149 50 158 61
class 0.6340789794921875 188 53 199 64
class 0.8467376232147217 0 60 7 72
class 0.6357284188270569 32 60 42 72
class 0.4876590371131897 88 58 97 70
class 0.5747568607330322 171 59 182 72
class 0.552514910697937 181 63 193 75
class 0.33991724252700806 186 59 196 72
class 0.606229305267334 138 81 148 94
class 0.6852759122848511 50 92 60 103
class 0.7206903100013733 123 91 134 103
class 0.6203922629356384 69 102 80 115
class 0.6619477272033691 93 100 103 112
class 0.6133797764778137 122 111 131 123
class 0.524983823299408 111 127 122 140
class 0.412121444940567 162 123 172 135
class 0.7444568872451782 77 139 86 150
class 0.5929620265960693 174 133 184 147
class 0.6651462912559509 39 148 48 162
class 0.5462738871574402 101 143 112 154
class 0.572521448135376 119 143 129 154
class 0.6116765141487122 193 150 199 161
class 0.6378273963928223 81 153 92 166
class 0.6099708676338196 144 159 156 171
class 0.6374140381813049 51 164 61 178
class 0.39535975456237793 100 181 110 193
class 0.5171185731887817 120 182 129 194
class 0.7032617926597595 62 187 73 199
