class 0.8232351541519165 133 0 143 6
class 0.5836009979248047 162 3 173 12
class 0.8058543801307678 182 1 192 12
class 0.500103771686554 56 13 65 24
class 0.5674970149993896 88 10 97 23
class 0.6222026348114014 57 18 65 29
class 0.48604005575180054 97 17 107 30
class 0.5143952965736389 146 18 156 32
class 0.6557260751724243 108 41 118 54
class 0.43816855549812317 166 44 175 54
class 0.5850098729133606 15 50 24 62
class 0.7118465900421143 91 50 100 61
class 0.635420560836792 112 48 125 59
class 0.560280442237854 45 59 54 71
class 0.36095213890075684 96 64 105 76
class 0.7804637551307678 3 72 13 84
class 0.6600635051727295 77 72 87 84
class 0.49653783440589905 82 69 91 83
class 0.7757458686828613 98 71 108 84
class 0.4500311613082886 37 85 48 98
class 0.5844259858131409 88 90 99 102
class 0.36352813243865967 92 92 102 102
class 0.6028313636779785 61 108 71 120
class 0.4983437955379486 164 107 174 120
class 0.5834609866142273 140 116 152 129
class 0.8478534817695618 0 123 7 135
class 0.5057125687599182 34 123 45 136
class 0.5433402061462402 130 122 141 134
class 0.8320707678794861 193 123 199 136
class 0.7148818373680115 11 138 22 151
class 0.5707146525382996 46 139 57 151
class 0.5970855951309204 63 170 74 182
class 0.5685349106788635 89 174 99 187
class 0.8174999952316284 186 177 197 191
class 0.4399973452091217 17 185 26 197
class 0.45242393016815186 132 191 143 199
class 0.6980348825454712 174 191 185 199
class 0.4154320955276489 179 192 188 199
