class 0.7845163345336914 120 2 130 11
class 0.8521412014961243 179 0 191 8
class 0.6911474466323853 14 10 24 23
class 0.5383022427558899 21 14 32 25
class 0.6497853994369507 92 13 101 25
class 0.7494972348213196 3 22 12 35
class 0.40869611501693726 10 20 19 32
class 0.6589784026145935 14 21 24 33
class 0.3088347613811493 17 17 29 27
class 0.40725281834602356 15 28 23 37
class 0.6081188321113586 54 34 66 47
class 0.6416596174240112 78 31 87 43
class 0.6555047631263733 160 31 169 43
class 0.5849194526672363 172 33 182 44
class 0.7463793754577637 30 38 41 49
class 0.6532242894172668 134 60 144 74
class 0.5781957507133484 81 70 91 83
class 0.5498837828636169 174 69 184 81
class 0.6413246393203735 165 81 175 92
class 0.6259419918060303 29 92 38 104
class 0.6591993570327759 4 106 13 119
class 0.5808737874031067 40 107 51 118
class 0.6004734635353088 158 102 167 114
class 0.5974674224853516 143 114 152 125
class 0.6713786125183105 7 123 16 136
class 0.59574294090271 125 128 135 141
class 0.7001606225967407 138 129 148 140
class 0.38157838582992554 184 137 193 150
class 0.6364132761955261 185 133 196 146
class 0.6680848002433777 98 142 109 155
class 0.7060842514038086 182 142 192 156
class 0.6800568699836731 187 158 198 171
class 0.6301652193069458 179 166 191 179
class 0.5556696057319641 78 176 88 186
class 0.3660806715488434 103 180 112 191
class 0.3493106961250305 115 180 124 190
class 0.5187320709228516 169 181 180 194
class 0.5840989351272583 84 186 94 198
class 0.6144776344299316 88 188 97 196
class 0.5730374455451965 111 187 123 196
