class 0.72077876329422 119 2 131 13
class 0.6461160182952881 167 1 177 9
class 0.47088438272476196 162 10 171 21
class 0.32990705966949463 169 8 180 19
class 0.6096307039260864 176 8 185 16
class 0.7201787829399109 190 8 197 18
class 0.5930345058441162 89 16 99 28
class 0.6073078513145447 131 16 141 28
class 0.5598963499069214 76 28 87 41
class 0.5309350490570068 173 33 182 45
class 0.7257969379425049 183 43 193 54
class 0.6608330607414246 53 53 64 65
class 0.5770255327224731 78 54 91 67
class 0.6490687727928162 164 49 174 63
class 0.8306961059570312 0 62 6 74
class 0.6098312139511108 156 64 165 75
class 0.5397849678993225 17 69 28 80
class 0.5066887140274048 48 92 57 103
class 0.7316068410873413 128 96 140 107
class 0.7079242467880249 36 107 46 119
class 0.7569158673286438 150 109 159 119
class 0.35458704829216003 153 107 163 119
class 0.6805346012115479 134 116 143 127
class 0.34402957558631897 169 119 180 129
class 0.8841296434402466 2 123 11 134
class 0.6782571077346802 169 123 180 133
class 0.6583675742149353 55 132 65 146
class 0.5272911190986633 151 137 161 150
class 0.5344759821891785 105 150 116 162
class 0.5499546527862549 149 143 160 154
class 0.6578966975212097 179 142 188 156
class 0.6456109881401062 10 158 20 171
class 0.4741380512714386 111 153 122 166
class 0.3120954930782318 133 152 143 165
class 0.5810308456420898 37 164 48 178
class 0.47918060421943665 79 163 90 178
class 0.5348767638206482 163 167 171 179
class 0.39434048533439636 176 164 183 174
class 0.7830734252929688 2 192 12 199
class 0.5106064081192017 179 188 189 198
