class 0.826724112033844 2 0 10 6
class 0.7785369157791138 77 0 86 7
class 0.727185845375061 141 1 151 9
class 0.8316763043403625 174 1 185 13
class 0.6546143889427185 32 11 43 21
class 0.5835733413696289 51 10 61 22
class 0.4906221926212311 71 12 81 26
class 0.6740326285362244 24 19 35 33
class 0.6155511736869812 129 17 139 29
class 0.5980954170227051 157 15 167 29
class 0.7027304172515869 21 30 32 44
class 0.6663314700126648 38 34 48 45
class 0.6010712385177612 87 33 97 46
class 0.4274941682815552 130 33 140 46
class 0.8149712085723877 0 43 5 55
class 0.31216660141944885 99 45 108 55
class 0.5297302007675171 100 39 111 50
class 0.6342515349388123 151 43 162 55
class 0.6156366467475891 91 49 103 59
class 0.5103055238723755 25 74 36 87
class 0.6126012206077576 85 75 97 87
class 0.5921276807785034 116 76 126 88
class 0.7847902178764343 150 76 160 88
class 0.7113530039787292 103 83 114 96
class 0.5473245978355408 165 91 174 100
class 0.417108952999115 156 108 164 118
class 0.6334088444709778 32 116 44 129
class 0.5061500072479248 145 114 154 126
class 0.54755699634552 84 126 93 138
class 0.5587986707687378 130 122 140 133
class 0.6078081130981445 165 121 175 133
class 0.4382566213607788 81 134 91 144
class 0.6941987872123718 183 142 192 154
class 0.65867018699646 151 153 162 167
class 0.5169528722763062 138 164 147 177
class 0.5606570839881897 144 169 154 182
class 0.8417340517044067 0 187 6 197
class 0.5843029618263245 99 190 109 199
