class 0.7344516515731812 38 1 47 13
class 0.797557532787323 161 2 171 12
class 0.7642331719398499 4 6 13 17
class 0.5382915139198303 163 11 174 26
class 0.6266188025474548 49 20 59 33
class 0.5095072984695435 141 18 151 31
class 0.6064338088035583 143 22 154 35
class 0.6190021634101868 148 24 156 34
class 0.7425867319107056 60 28 70 40
class 0.7502402067184448 176 34 188 44
class 0.7921799421310425 3 53 12 64
class 0.5706521272659302 18 59 28 71
class 0.5794299840927124 119 60 129 72
class 0.6344291567802429 102 74 111 87
class 0.33405184745788574 99 86 109 97
class 0.5162793397903442 107 82 117 96
class 0.6312762498855591 35 93 46 105
class 0.616250216960907 77 92 87 104
class 0.615407407283783 115 93 123 105
class 0.5217471718788147 169 94 179 107
class 0.6903634667396545 25 100 35 112
class 0.5485113263130188 154 106 163 119
class 0.7259019017219543 11 113 21 127
class 0.5487778186798096 66 111 76 123
class 0.7778303027153015 189 117 199 129
class 0.5973610877990723 160 122 171 136
class 0.6910049915313721 176 122 187 134
class 0.7110902070999146 9 139 20 150
class 0.5701237916946411 91 136 103 148
class 0.704983651638031 118 149 128 161
class 0.7047233581542969 23 160 35 172
class 0.6858379244804382 32 161 43 172
class 0.4959174692630768 61 154 71 164
class 0.7080637216567993 109 159 119 173
class 0.8367795944213867 0 170 7 182
class 0.6734203696250916 64 166 73 179
class 0.6645439267158508 176 170 185 182
class 0.5617256164550781 107 178 117 190
