class 0.874163806438446 0 2 9 14
class 0.5129432678222656 44 13 55 26
class 0.6636783480644226 87 12 97 24
class 0.35686349868774414 89 21 97 32
class 0.5863708257675171 91 18 101 29
class 0.7902389168739319 190 17 199 30
class 0.6893032193183899 65 31 76 42
class 0.4171340763568878 61 30 69 46
class 0.32373175024986267 70 26 80 41
class 0.5015707612037659 84 29 93 42
class 0.5862829089164734 87 31 97 41
class 0.4128386378288269 82 33 90 45
class 0.6956019401550293 121 27 132 38
class 0.5142369270324707 141 26 154 38
class 0.3488796353340149 85 37 96 49
class 0.6295364499092102 119 44 129 57
class 0.8178739547729492 1 47 11 60
class 0.6794235110282898 40 61 50 74
class 0.577014148235321 81 64 91 77
class 0.5865263342857361 149 59 160 72
class 0.6494162082672119 106 69 115 82
class 0.6100051403045654 108 85 118 97
class 0.5789235234260559 180 82 189 96
class 0.6274427771568298 11 96 21 108
class 0.46813857555389404 59 94 69 105
class 0.48024502396583557 60 103 70 114
class 0.4537663757801056 109 117 120 129
class 0.6010503768920898 149 117 160 128
class 0.6738702654838562 188 128 197 141
class 0.6304318308830261 76 138 87 153
class 0.41451898217201233 13 149 22 159
class 0.489150732755661 18 145 28 157
class 0.6390379667282104 130 145 139 157
class 0.699824333190918 10 154 21 165
class 0.6331785321235657 45 156 55 168
class 0.5058557987213135 56 155 67 167
class 0.6061526536941528 60 158 70 169
class 0.729128360748291 76 159 86 171
class 0.6227733492851257 148 171 158 182
class 0.6504277586936951 67 177 77 189
class 0.5981333255767822 80 176 91 186
class 0.48261502385139465 47 191 56 199
class 0.6773732304573059 156 186 166 199
