class 0.6081812977790833 61 0 70 5
class 0.6654850840568542 44 7 54 18
class 0.6788573861122131 109 9 118 21
class 0.48531338572502136 67 23 77 34
class 0.6393786072731018 111 23 122 34
class 0.7150060534477234 151 21 160 33
class 0.6214089393615723 35 28 44 40
class 0.3933773934841156 63 30 73 45
class 0.6135827302932739 67 32 75 43
class 0.6497376561164856 102 29 112 40
class 0.37862861156463623 152 27 161 38
class 0.6731873750686646 3 45 9 57
class 0.5786614418029785 121 39 132 51
class 0.46472036838531494 162 45 173 56
class 0.6935077905654907 28 51 39 64
class 0.6229515671730042 177 55 190 67
class 0.8179788589477539 3 65 12 79
class 0.757790744304657 108 79 119 92
class 0.7012633681297302 185 90 196 103
class 0.566494345664978 31 134 37 145
class 0.685547947883606 87 139 99 152
class 0.4218203127384186 29 153 37 164
class 0.4526985287666321 47 155 57 166
class 0.6352981925010681 158 155 169 169
class 0.6527020931243896 176 160 186 173
class 0.6151968240737915 182 161 190 172
class 0.6339653134346008 28 171 37 183
class 0.3509492874145508 39 167 51 177
class 0.7102387547492981 56 165 67 177
class 0.5671496987342834 106 166 117 179
class 0.4698794484138489 178 166 188 178
class 0.5444770455360413 182 168 190 180
class 0.3459378480911255 109 181 119 192
class 0.6229573488235474 126 180 137 192
class 0.4631189703941345 142 182 149 193
class 0.619684100151062 182 174 191 185
class 0.6313375234603882 55 186 65 198
class 0.32935187220573425 105 186 117 196
class 0.5381243824958801 140 186 150 197
