class 0.4999159276485443 0 1 5 11
class 0.8510852456092834 56 2 65 14
class 0.7067676782608032 3 10 12 22
class 0.5965073704719543 7 8 18 19
class 0.36092883348464966 50 12 61 25
class 0.5342093706130981 127 8 135 22
class 0.5764135718345642 2 22 10 33
class 0.5387265682220459 54 17 65 31
class 0.7399393916130066 140 22 150 32
class 0.46442657709121704 61 28 70 39
class 0.7575910091400146 34 40 44 52
class 0.6280806064605713 42 40 54 52
class 0.7984749674797058 2 60 11 72
class 0.45813682675361633 17 65 27 77
class 0.5918033123016357 74 65 85 77
class 0.36691924929618835 144 66 154 78
class 0.5837396383285522 8 71 20 85
class 0.32309672236442566 18 72 26 83
class 0.5448915958404541 180 76 188 88
class 0.6233601570129395 125 80 135 93
class 0.7467157244682312 187 86 197 97
class 0.7141860723495483 138 90 148 103
class 0.6026646494865417 45 104 56 117
class 0.5741441249847412 103 112 112 124
class 0.48989832401275635 124 115 134 127
class 0.6588531732559204 139 116 151 128
class 0.6351549029350281 153 112 165 124
class 0.6466703414916992 46 128 55 141
class 0.4865497052669525 56 126 65 139
class 0.7489466667175293 0 133 7 144
class 0.5916867852210999 36 144 46 157
class 0.6782536506652832 122 154 132 166
class 0.6711533069610596 146 159 155 169
class 0.6649929881095886 119 163 129 175
class 0.5877944231033325 161 163 170 176
class 0.7315772175788879 36 178 45 188
class 0.5656111836433411 49 178 59 190
class 0.5514369010925293 27 189 39 199
class 0.3350933790206909 29 196 38 199
class 0.5334230065345764 74 192 84 199
class 0.4258900284767151 72 195 82 199
class 0.6710782051086426 187 187 196 199
