class 0.7871724963188171 9 0 18 6
class 0.8421254754066467 50 2 62 13
class 0.8640986680984497 73 2 83 15
class 0.5491987466812134 107 3 118 14
class 0.7067479491233826 177 2 189 14
class 0.4850141406059265 105 6 113 18
class 0.32183638215065 183 7 192 17
class 0.7532921433448792 188 8 198 19
class 0.47770455479621887 57 17 67 29
class 0.5427088141441345 91 24 102 36
class 0.5913111567497253 107 23 116 36
class 0.60154128074646 17 29 27 42
class 0.6872281432151794 151 33 161 45
class 0.7712982296943665 174 26 185 38
class 0.6144992113113403 62 43 72 55
class 0.5780651569366455 126 48 137 61
class 0.6280810832977295 162 53 172 66
class 0.3465622365474701 130 63 141 77
class 0.5855390429496765 38 73 48 86
class 0.7495344877243042 112 69 124 82
class 0.728736937046051 101 79 113 92
class 0.6471264362335205 88 91 99 101
class 0.5220935940742493 148 94 158 107
class 0.37510019540786743 143 96 153 106
class 0.5853652954101562 158 90 168 103
class 0.574665904045105 66 111 77 124
class 0.6167095303535461 146 112 155 124
class 0.8145330548286438 1 129 10 140
class 0.5089530348777771 166 122 176 134
class 0.42871806025505066 30 136 39 147
class 0.5163409113883972 97 132 106 144
class 0.5291413068771362 18 143 28 154
class 0.44539856910705566 49 148 58 161
class 0.5768484473228455 118 153 129 165
class 0.5835518836975098 113 177 122 189
class 0.6396498680114746 178 174 187 186
class 0.7092681527137756 81 188 91 199
class 0.6170988082885742 101 191 113 199
