class 0.8510292172431946 49 0 60 9
class 0.8481107354164124 86 1 97 10
class 0.7293344736099243 105 3 115 15
class 0.4584217667579651 120 2 129 12
class 0.7387827038764954 123 1 133 11
class 0.6362800002098083 60 7 71 19
class 0.6334998607635498 28 16 37 29
class 0.7294694781303406 87 22 97 34
class 0.7355245351791382 41 28 50 39
class 0.6938798427581787 76 26 87 38
class 0.6624584794044495 156 27 165 41
class 0.7601569890975952 96 45 108 57
class 0.6980534195899963 84 52 98 66
class 0.6314913630485535 109 61 119 73
class 0.6638339161872864 165 58 175 70
class 0.6623348593711853 10 71 20 83
class 0.5256126523017883 17 76 27 88
class 0.6550919413566589 83 68 95 82
class 0.4694768190383911 110 71 119 83
class 0.7716874480247498 129 76 139 89
class 0.6777400374412537 38 80 48 94
class 0.7398640513420105 56 85 65 97
class 0.493671715259552 140 81 150 92
class 0.5023099780082703 104 96 114 111
class 0.7582525610923767 145 93 155 106
class 0.746361494064331 73 107 84 119
class 0.704136073589325 193 118 199 129
class 0.6278343796730042 96 128 107 141
class 0.6681684851646423 59 134 69 145
class 0.7439842224121094 77 131 88 144
class 0.6602696776390076 128 148 138 160
class 0.5829173922538757 0 159 4 172
class 0.7658102512359619 0 165 5 176
class 0.5773153305053711 69 171 81 183
class 0.46923208236694336 90 169 100 180
class 0.7759027481079102 189 169 199 182
class 0.6996029615402222 80 175 91 187
class 0.5994923114776611 167 178 176 192
class 0.8129180669784546 0 186 8 198
class 0.672121524810791 86 190 97 199
