class 0.7194772958755493 141 3 151 13
class 0.7731674313545227 4 10 13 23
class 0.7565099596977234 159 16 170 30
class 0.5673182010650635 37 27 48 41
class 0.6597210168838501 176 27 188 38
class 0.6880663633346558 127 43 136 54
class 0.3908631503582001 123 42 132 54
class 0.6954542994499207 66 66 76 76
class 0.5407130122184753 184 81 196 94
class 0.7059517502784729 29 97 38 109
class 0.6168075203895569 56 95 66 108
class 0.800586462020874 120 92 129 104
class 0.6760704517364502 183 97 192 108
class 0.6630442142486572 56 104 65 114
class 0.4962770938873291 59 102 72 116
class 0.6889002919197083 72 99 83 112
class 0.4513285756111145 21 115 30 126
class 0.6752578616142273 147 118 157 131
class 0.6583558917045593 161 115 170 128
class 0.5484566688537598 29 121 39 134
class 0.4273075461387634 74 121 85 134
class 0.30981409549713135 100 136 108 146
class 0.4842793345451355 155 139 164 151
class 0.7103962898254395 183 132 192 144
class 0.7186827659606934 13 142 23 156
class 0.3755496144294739 62 143 70 153
class 0.46608102321624756 76 149 88 161
class 0.48354029655456543 114 149 124 162
class 0.6628252863883972 127 143 137 156
class 0.8486307859420776 3 155 12 167
class 0.6750315427780151 3 170 12 184
class 0.31306231021881104 6 168 16 181
class 0.6050049066543579 88 164 99 177
class 0.5037257671356201 89 179 98 193
class 0.6494174003601074 121 174 132 185
class 0.6894736289978027 147 175 157 189
class 0.8165269494056702 0 188 7 199
class 0.5468477606773376 30 192 42 199
class 0.5578176975250244 57 188 67 199
class 0.59648197889328 138 185 148 197
