class 0.8843851089477539 137 0 148 7
class 0.7672567367553711 192 0 199 12
class 0.8782334327697754 0 6 7 17
class 0.5962989926338196 103 8 113 20
class 0.5789329409599304 52 23 64 35
class 0.6848662495613098 98 18 109 29
class 0.61210697889328 135 17 145 29
class 0.571511447429657 172 31 182 41
class 0.7985003590583801 3 43 12 57
class 0.4706003963947296 28 48 38 59
class 0.5518928170204163 89 50 98 61
class 0.790247917175293 146 55 156 67
class 0.8664534091949463 0 65 6 77
class 0.6077231168746948 132 57 144 71
class 0.7444210052490234 66 68 76 81
class 0.7370263338088989 127 70 136 80
class 0.8310686349868774 0 87 8 99
class 0.6156212687492371 130 86 140 98
class 0.34588509798049927 144 82 154 93
class 0.5720474720001221 38 89 49 102
class 0.5170592069625854 28 106 37 120
class 0.5764387249946594 92 117 103 130
class 0.5818392038345337 35 126 46 140
class 0.6773509979248047 66 132 76 144
class 0.650356113910675 99 139 109 151
class 0.5959713459014893 144 137 154 150
class 0.7504802942276001 7 145 19 157
class 0.708743155002594 21 150 33 161
class 0.30947601795196533 39 142 49 153
class 0.6072419285774231 167 145 176 157
class 0.6383802890777588 83 153 94 165
class 0.6735542416572571 112 180 122 191
class 0.6236686706542969 125 187 135 198
class 0.6314363479614258 146 187 157 199
class 0.6851410865783691 187 187 197 199
