class 0.5204511880874634 45 4 55 14
class 0.7308475375175476 157 2 166 12
class 0.767163872718811 177 0 187 6
class 0.5075013637542725 25 8 35 20
class 0.3275918662548065 47 7 56 20
class 0.5874643325805664 52 13 62 26
class 0.5614994168281555 78 13 87 25
class 0.6374908685684204 160 8 170 21
class 0.35429129004478455 166 10 175 23
class 0.6546197533607483 176 19 187 31
class 0.7178734540939331 187 19 196 31
class 0.7005820870399475 38 30 47 44
class 0.32060304284095764 42 33 51 43
class 0.4314897060394287 74 35 85 47
class 0.5724043846130371 107 31 117 43
class 0.4347769618034363 111 33 121 44
class 0.5133775472640991 49 36 59 49
class 0.758612334728241 176 45 187 56
class 0.5991785526275635 74 73 87 87
class 0.5450917482376099 94 70 104 83
class 0.565150260925293 112 87 121 97
class 0.6781711578369141 128 97 138 108
class 0.6125049591064453 77 106 88 118
class 0.5587676167488098 48 112 58 125
class 0.6673000454902649 7 124 19 136
class 0.6829700469970703 46 123 56 135
class 0.506938636302948 142 124 151 137
class 0.6203028559684753 64 131 75 143
class 0.6465164422988892 130 149 141 160
class 0.5930091142654419 159 149 172 161
class 0.5813740491867065 183 145 192 157
class 0.47321659326553345 72 159 82 172
class 0.5794494152069092 5 169 12 179
class 0.34118738770484924 82 170 93 182
class 0.6967710256576538 99 170 109 181
class 0.5987353324890137 27 177 36 191
class 0.4189591407775879 82 174 91 186
class 0.36155006289482117 92 177 103 188
class 0.31961992383003235 106 176 116 186
class 0.6766223907470703 91 186 101 196
class 0.6440916061401367 177 187 185 197
