class 0.4105706512928009 2 3 8 12
class 0.8304296731948853 94 0 104 7
class 0.7986430525779724 3 7 12 20
class 0.664534866809845 139 8 149 20
class 0.7081382274627686 185 10 196 24
class 0.5654703378677368 22 18 32 29
class 0.5708509683609009 62 24 73 36
class 0.6047807335853577 162 21 172 32
class 0.5417754650115967 52 30 62 42
class 0.5562273263931274 53 38 64 49
class 0.6868135929107666 78 39 87 50
class 0.6793889403343201 102 39 111 51
class 0.6176392436027527 7 54 17 66
class 0.7258585691452026 193 53 199 64
class 0.5475317239761353 136 65 147 78
class 0.5179920196533203 183 69 194 81
class 0.7724725008010864 75 95 86 106
class 0.4730875790119171 70 94 82 109
class 0.5946844816207886 116 91 126 101
class 0.6437183618545532 141 90 151 102
class 0.6666767597198486 13 106 26 121
class 0.743598997592926 50 105 59 116
class 0.6867625713348389 71 101 82 113
class 0.6591354608535767 35 117 45 130
class 0.6591128706932068 92 111 103 123
class 0.6166291832923889 176 123 187 138
class 0.8406538963317871 1 136 8 147
class 0.6855626702308655 67 133 76 144
class 0.6755394339561462 109 137 119 150
class 0.6542704701423645 93 150 105 161
class 0.7081817388534546 185 143 196 156
class 0.47237125039100647 18 155 27 168
class 0.4385899007320404 19 163 28 175
class 0.6857368350028992 120 165 130 176
class 0.6200583577156067 71 175 82 188
class 0.5619440674781799 103 185 114 197
class 0.6353306770324707 177 186 185 196
