class 0.5110986828804016 65 11 76 23
class 0.5955543518066406 85 20 95 34
class 0.7699418663978577 129 15 140 28
class 0.5911538600921631 169 18 178 32
class 0.5915159583091736 120 34 129 46
class 0.6754403710365295 122 41 132 53
class 0.6735401749610901 159 41 168 54
class 0.5167603492736816 25 51 35 61
class 0.8588324785232544 0 64 8 75
class 0.6529547572135925 59 61 69 76
class 0.7781312465667725 13 76 22 88
class 0.7505685687065125 192 76 199 88
class 0.7272701263427734 75 86 86 99
class 0.7295125126838684 102 80 114 93
class 0.53534334897995 39 92 49 103
class 0.7069791555404663 54 95 64 107
class 0.38653749227523804 79 91 91 102
class 0.4952542185783386 67 106 78 120
class 0.775983989238739 91 111 101 122
class 0.6565981507301331 109 114 120 126
class 0.5708305835723877 169 118 180 130
class 0.6604417562484741 138 126 148 139
class 0.5023382306098938 87 135 98 148
class 0.673744797706604 151 134 161 145
class 0.7736536264419556 1 147 9 159
class 0.6357306241989136 12 144 24 157
class 0.6472528576850891 46 142 55 154
class 0.396919846534729 92 146 102 159
class 0.5729885101318359 23 154 34 165
class 0.6436156630516052 67 153 78 168
class 0.5864483714103699 154 157 163 167
class 0.5536618828773499 184 160 193 172
class 0.67125004529953 96 164 107 176
class 0.8511945605278015 0 181 9 194
class 0.5272009372711182 68 174 77 187
class 0.637030303478241 101 180 110 193
class 0.5290214419364929 149 177 159 189
class 0.475434273481369 175 182 184 193
