class 0.7139513492584229 113 2 121 10
class 0.6177327632904053 12 13 22 26
class 0.32647448778152466 140 7 152 18
class 0.7108221650123596 148 13 159 23
class 0.616253674030304 31 20 41 33
class 0.6442177295684814 114 17 125 29
class 0.3313639163970947 145 15 157 29
class 0.436857134103775 150 17 161 28
class 0.6639821529388428 174 23 185 35
class 0.7335989475250244 35 33 43 45
class 0.6068666577339172 106 28 117 40
class 0.524372398853302 142 31 151 42
class 0.4376392364501953 179 29 188 39
class 0.7209219932556152 181 28 192 42
class 0.6630300283432007 26 41 34 51
class 0.34961527585983276 32 38 41 48
class 0.7053254842758179 109 42 118 53
class 0.7705877423286438 181 44 190 55
class 0.619183361530304 46 70 56 82
class 0.80560702085495 133 70 145 84
class 0.5711972117424011 24 80 35 93
class 0.6446595191955566 88 79 98 92
class 0.6263106465339661 42 94 54 105
class 0.39985865354537964 37 93 49 106
class 0.6397263407707214 49 90 59 103
class 0.754378080368042 83 96 93 109
class 0.5349627733230591 119 97 131 107
class 0.6611979007720947 144 95 155 108
class 0.6656016111373901 64 107 75 119
class 0.613818347454071 112 115 122 126
class 0.49244946241378784 20 125 32 139
class 0.38467541337013245 18 127 26 138
class 0.3163340091705322 28 124 37 135
class 0.47890704870224 43 139 54 151
class 0.7138118743896484 193 135 199 146
class 0.4865587055683136 101 149 112 161
class 0.6394388675689697 114 170 125 183
class 0.7127609252929688 135 164 145 177
class 0.6588523983955383 31 181 42 194
class 0.5409649610519409 69 177 79 190
class 0.5886175036430359 182 177 193 188
class 0.620826005935669 90 184 100 197
class 0.39658552408218384 173 192 182 199
class 0.46797263622283936 178 189 186 199
class 0.5495363473892212 181 189 190 199
