class 0.5314171314239502 18 8 27 20
class 0.5349187850952148 130 6 140 18
class 0.5925710201263428 147 6 157 19
class 0.6504136323928833 186 6 196 18
class 0.3789375424385071 164 21 174 39
class 0.6245724558830261 107 33 117 44
class 0.47144660353660583 166 28 173 37
class 0.699138879776001 186 40 196 51
class 0.5325263738632202 61 53 72 68
class 0.7041664719581604 108 50 118 62
class 0.31629717350006104 111 52 123 65
class 0.821834146976471 1 65 9 76
class 0.6120078563690186 123 65 133 77
class 0.7969978451728821 177 60 188 72
class 0.5033470988273621 38 71 48 83
class 0.7259806394577026 55 76 64 87
class 0.7760598659515381 177 75 188 88
class 0.6225812435150146 191 75 199 87
class 0.6702307462692261 22 87 34 99
class 0.6126447916030884 71 80 81 92
class 0.5817999243736267 114 82 125 95
class 0.7412427663803101 59 103 69 115
class 0.7385264039039612 79 104 88 118
class 0.6057174801826477 25 117 34 129
class 0.3110857307910919 56 112 67 123
class 0.8850029110908508 0 126 9 140
class 0.3234916925430298 50 127 61 141
class 0.5877715945243835 2 134 8 148
class 0.536955714225769 63 139 74 152
class 0.4946558475494385 151 132 162 144
class 0.8048468232154846 186 133 197 145
class 0.8087544441223145 11 145 21 157
class 0.6708711981773376 193 148 199 160
class 0.46067336201667786 76 156 86 169
class 0.6221250295639038 155 153 166 165
class 0.860744833946228 2 164 11 176
class 0.4454510807991028 170 171 179 183
class 0.6298941969871521 93 181 103 192
class 0.778505265712738 175 174 185 185
class 0.7424134016036987 15 188 23 198
class 0.5632418394088745 54 188 65 199
