class 0.644471287727356 47 0 55 6
class 0.5942966938018799 32 7 41 17
class 0.5630659461021423 67 13 77 25
class 0.53515625 129 23 142 36
class 0.5876110196113586 8 34 17 45
class 0.692953884601593 86 28 96 42
class 0.6397863626480103 190 28 198 38
class 0.5956956148147583 47 38 57 51
class 0.5783669948577881 85 42 97 55
class 0.5328639149665833 81 43 91 56
class 0.3414519429206848 90 40 100 51
class 0.6779040098190308 140 42 151 55
class 0.7083513140678406 8 52 17 65
class 0.45897290110588074 12 55 19 64
class 0.3387329578399658 26 48 34 59
class 0.43528756499290466 9 59 18 75
class 0.3477119207382202 13 62 20 73
class 0.5823285579681396 183 66 191 78
class 0.7377874851226807 4 71 12 82
class 0.4930221140384674 118 74 130 87
class 0.5772252678871155 146 72 156 83
class 0.324910432100296 180 69 188 81
class 0.5670958161354065 17 83 28 95
class 0.4369053840637207 36 84 46 97
class 0.597095787525177 63 80 74 91
class 0.5447297096252441 91 86 101 98
class 0.5614109635353088 147 83 156 94
class 0.5878843665122986 87 91 98 102
class 0.539472222328186 127 106 139 118
class 0.6233486533164978 51 115 63 128
class 0.3974997401237488 80 111 89 123
class 0.5757074952125549 73 123 84 137
class 0.4559803009033203 165 122 174 132
class 0.6026907563209534 179 122 190 136
class 0.6590563058853149 63 137 74 149
class 0.43754032254219055 162 135 173 148
class 0.5030229091644287 57 148 67 159
class 0.5256891846656799 98 149 109 160
class 0.6526235342025757 149 155 158 167
class 0.3647119700908661 142 181 150 192
class 0.4693083167076111 160 180 170 192
class 0.6767829060554504 152 187 160 197
