class 0.6905826926231384 30 3 39 13
class 0.5444812774658203 45 1 53 10
class 0.7204781174659729 50 2 60 13
class 0.660984456539154 83 3 94 13
class 0.8430253863334656 116 0 126 11
class 0.8139866590499878 144 1 154 11
class 0.4133654236793518 87 5 96 19
class 0.5127821564674377 174 30 184 39
class 0.7218039035797119 45 43 56 55
class 0.6538414359092712 62 40 71 52
class 0.6804566383361816 92 53 103 65
class 0.5155245661735535 130 48 141 61
class 0.31932345032691956 135 53 143 66
class 0.5143793225288391 144 54 153 66
class 0.6770132184028625 46 61 54 73
class 0.6784242987632751 165 64 175 77
class 0.7422579526901245 77 86 87 99
class 0.7907528281211853 101 80 112 92
class 0.30514800548553467 10 97 21 108
class 0.5142019391059875 21 93 33 105
class 0.4794616103172302 162 96 171 111
class 0.5977773070335388 9 100 18 113
class 0.7097971439361572 24 105 34 117
class 0.7641342282295227 138 106 148 119
class 0.4069339334964752 134 106 142 120
class 0.6948522925376892 164 102 175 114
class 0.7104189991950989 185 102 195 114
class 0.6887277960777283 125 114 134 126
class 0.47763022780418396 138 113 149 126
class 0.4372909963130951 135 111 145 124
class 0.48306623101234436 73 128 83 140
class 0.5411346554756165 137 127 147 139
class 0.4088871479034424 134 129 143 140
class 0.3674379885196686 96 137 107 147
class 0.43834996223449707 88 146 97 158
class 0.658174455165863 93 144 104 157
class 0.461101233959198 104 143 114 156
class 0.7323706746101379 19 163 29 176
class 0.7315719127655029 101 164 112 177
class 0.7421315908432007 118 167 130 180
class 0.5206301212310791 132 163 142 177
class 0.581793487071991 7 178 15 191
class 0.6793420910835266 15 191 24 199
class 0.5886656641960144 44 188 55 198
