class 0.8607256412506104 32 2 43 13
class 0.7095710635185242 49 2 59 11
class 0.8622328639030457 93 1 105 10
class 0.7500594258308411 125 0 136 7
class 0.5579241514205933 143 8 153 22
class 0.6062535643577576 171 12 181 27
class 0.5174725651741028 58 24 66 35
class 0.6655281186103821 94 21 103 33
class 0.615810215473175 82 32 91 45
class 0.6135844588279724 97 44 108 57
class 0.6293081641197205 175 38 184 51
class 0.6545768976211548 174 52 185 68
class 0.3109825849533081 179 55 188 67
class 0.7551644444465637 187 55 197 67
class 0.6714704036712646 75 67 86 77
class 0.6099578142166138 91 66 101 77
class 0.6045450568199158 124 63 133 76
class 0.7787767648696899 108 76 119 87
class 0.6595906615257263 156 79 166 92
class 0.7067415118217468 171 90 181 102
class 0.6197580099105835 28 100 38 112
class 0.630365788936615 56 99 67 112
class 0.8267022967338562 2 123 11 135
class 0.6008184552192688 71 128 82 139
class 0.6323350667953491 118 124 127 135
class 0.6577419638633728 168 127 179 139
class 0.7238151431083679 95 132 107 143
class 0.6399350166320801 146 134 157 145
class 0.7514311671257019 174 143 185 155
class 0.8264559507369995 2 154 10 164
class 0.579980731010437 39 160 49 171
class 0.6659315228462219 51 159 62 170
class 0.6703715324401855 123 155 133 167
class 0.7285846471786499 27 167 38 182
class 0.7236281037330627 123 174 134 188
class 0.5632705688476562 27 192 39 199
