class 0.45778945088386536 183 1 192 8
class 0.7288320064544678 189 0 196 9
class 0.47354844212532043 89 10 102 23
class 0.5562236309051514 108 14 117 25
class 0.5143863558769226 162 11 172 22
class 0.651140034198761 169 10 181 22
class 0.7672072052955627 78 21 87 33
class 0.6906803846359253 107 18 117 31
class 0.43722280859947205 102 17 116 37
class 0.740149736404419 67 31 78 43
class 0.7904646992683411 109 30 118 43
class 0.5917055606842041 7 53 18 64
class 0.6071112155914307 10 61 20 72
class 0.5647046566009521 32 66 44 77
class 0.6074607968330383 36 81 44 92
class 0.5406036972999573 90 81 100 91
class 0.6502905488014221 113 79 124 92
class 0.6239233016967773 175 96 185 109
class 0.796039342880249 191 93 199 104
class 0.5834141373634338 29 100 39 112
class 0.62209552526474 123 100 135 114
class 0.6496642827987671 69 116 81 129
class 0.5554373860359192 66 124 76 137
class 0.41712379455566406 67 121 82 134
class 0.7602388858795166 97 122 107 133
class 0.6481378078460693 11 132 19 145
class 0.8073285818099976 65 138 73 148
class 0.5009166598320007 90 136 101 151
class 0.740901529788971 34 143 43 156
class 0.46683216094970703 91 146 101 160
class 0.5317538380622864 158 143 166 154
class 0.34997648000717163 159 160 169 172
class 0.6151957511901855 186 169 196 182
class 0.677478015422821 43 179 55 194
class 0.3003633916378021 49 176 58 187
class 0.5410581827163696 79 177 90 191
class 0.36656561493873596 98 175 109 188
class 0.47284772992134094 145 174 154 186
class 0.38321563601493835 41 185 51 195
class 0.494361937046051 130 186 142 196
