class 0.8482681512832642 51 0 62 6
class 0.8920260667800903 123 0 134 10
class 0.7212949395179749 191 2 198 16
class 0.5455842614173889 151 13 160 24
class 0.6758764982223511 53 18 64 30
class 0.4223611056804657 46 27 55 38
class 0.47064074873924255 154 29 164 40
class 0.502146303653717 155 36 163 43
class 0.46513205766677856 5 36 16 48
class 0.6112371683120728 21 50 31 64
class 0.700282633304596 74 49 83 61
class 0.5917984843254089 127 49 138 61
class 0.6144356727600098 134 48 145 59
class 0.6532427072525024 39 76 50 87
class 0.5942996740341187 15 87 24 98
class 0.6973053812980652 177 95 189 107
class 0.3990246057510376 187 94 197 106
class 0.5222015976905823 109 108 119 121
class 0.44942915439605713 130 100 141 112
class 0.4357553720474243 156 102 165 112
class 0.3680868446826935 171 104 183 115
class 0.7105544209480286 50 114 61 127
class 0.6445559859275818 119 117 129 129
class 0.6266496777534485 25 125 34 138
class 0.4189194440841675 46 144 56 156
class 0.6147778034210205 178 142 188 156
class 0.6049589514732361 161 171 169 182
class 0.6215623021125793 174 169 185 181
class 0.5426379442214966 48 174 56 185
class 0.5828848481178284 78 181 88 193
class 0.6442477703094482 81 176 90 188
class 0.5439457297325134 112 180 122 192
class 0.7828430533409119 189 174 199 187
class 0.30245912075042725 158 196 166 199
