class 0.8582083582878113 65 0 75 8
class 0.8562449216842651 97 2 108 14
class 0.4298234283924103 102 1 111 11
class 0.5137015581130981 43 16 53 29
class 0.8202472925186157 174 19 186 32
class 0.5781224370002747 16 35 24 46
class 0.6026149392127991 111 50 122 63
class 0.6441137194633484 196 48 199 59
class 0.7067143321037292 33 60 43 73
class 0.49002605676651 80 59 89 71
class 0.5960766077041626 64 71 74 85
class 0.632011353969574 113 73 121 84
class 0.5095704197883606 132 72 143 85
class 0.4624697268009186 95 90 105 104
class 0.614380419254303 62 104 74 116
class 0.5403853058815002 99 102 109 117
class 0.7447897791862488 137 105 148 119
class 0.5482354164123535 91 124 101 137
class 0.47845932841300964 135 129 143 141
class 0.6734329462051392 156 122 165 134
class 0.46999117732048035 27 137 37 151
class 0.5906457304954529 80 132 90 145
class 0.6456676721572876 12 143 23 154
class 0.6206165552139282 161 150 171 162
class 0.5494286417961121 120 159 130 172
class 0.6549474596977234 189 160 199 173
class 0.5982780456542969 61 169 70 182
class 0.6035344004631042 98 164 109 176
class 0.4927062690258026 170 171 182 183
class 0.5948033928871155 132 174 143 186
class 0.7575052380561829 3 188 13 198
class 0.5168713331222534 47 186 56 196
class 0.6866043210029602 113 186 123 197
