class 0.7353066205978394 92 1 103 11
class 0.49955394864082336 103 4 114 13
class 0.7002526521682739 151 0 160 6
class 0.7263748049736023 155 0 165 6
class 0.6302328109741211 52 10 61 21
class 0.6297186613082886 92 16 102 30
class 0.4683293104171753 181 23 193 35
class 0.7559102177619934 4 33 12 47
class 0.49395623803138733 7 33 17 47
class 0.48473191261291504 14 34 21 47
class 0.5578173995018005 23 31 35 42
class 0.5030496120452881 17 33 29 47
class 0.7290685176849365 27 27 38 40
class 0.6183640956878662 124 48 135 60
class 0.6453761458396912 103 75 113 88
class 0.5506815314292908 155 70 164 83
class 0.6666519045829773 177 71 187 84
class 0.5701965093612671 10 79 20 93
class 0.689269483089447 50 83 61 96
class 0.6680448055267334 101 93 111 106
class 0.6412860751152039 128 91 138 103
class 0.5764104723930359 38 112 47 125
class 0.5215781331062317 97 115 110 129
class 0.541633665561676 84 126 95 139
class 0.4530710279941559 81 129 89 139
class 0.5417040586471558 126 128 138 144
class 0.5125032663345337 125 130 133 141
class 0.6749992370605469 148 123 157 135
class 0.5219751596450806 71 138 79 150
class 0.3219769299030304 82 145 93 159
class 0.6326466798782349 106 150 117 162
class 0.4270515739917755 123 144 133 158
class 0.6619810461997986 5 153 15 167
class 0.7992888689041138 189 153 199 167
class 0.3592885136604309 133 164 143 175
class 0.715711772441864 157 164 167 177
class 0.6917004585266113 16 181 26 194
class 0.45469364523887634 138 182 149 195
class 0.6946963667869568 169 178 181 191
class 0.5359262824058533 176 191 188 199
class 0.6588901281356812 181 193 192 199
