class 0.8641109466552734 54 0 65 10
class 0.5750550627708435 118 0 128 4
class 0.5662488341331482 135 9 145 19
class 0.6135093569755554 187 6 196 17
class 0.5295408964157104 112 23 123 36
class 0.531888484954834 167 22 178 34
class 0.6259585022926331 86 29 96 41
class 0.7275457978248596 97 31 108 42
class 0.5687188506126404 134 26 143 39
class 0.7208402156829834 166 31 175 42
class 0.7183977365493774 183 32 193 47
class 0.5827147364616394 87 44 97 56
class 0.6543569564819336 119 41 130 52
class 0.6915130019187927 141 44 151 56
class 0.4039306044578552 102 64 112 77
class 0.5979465246200562 176 65 184 76
class 0.33805930614471436 107 71 116 82
class 0.7096362709999084 187 70 196 81
class 0.5730597972869873 93 84 102 97
class 0.5414084196090698 112 80 123 91
class 0.43663713335990906 155 88 164 98
class 0.65390944480896 25 96 35 109
class 0.669582188129425 46 91 56 103
class 0.6605709791183472 55 103 65 115
class 0.5595820546150208 150 102 160 114
class 0.6475172638893127 48 111 60 123
class 0.5083299875259399 98 113 109 124
class 0.7290399670600891 106 115 117 127
class 0.5613019466400146 21 120 31 133
class 0.6331098079681396 50 136 60 149
class 0.5697040557861328 45 151 55 162
class 0.49554699659347534 53 147 63 159
class 0.5003040432929993 48 145 61 163
class 0.6240662336349487 109 154 120 165
class 0.6479262709617615 34 166 44 179
class 0.6701217293739319 44 167 55 179
class 0.5854950547218323 118 169 129 183
class 0.5279979109764099 171 163 182 179
class 0.5648036599159241 24 173 34 186
