class 0.7984925508499146 103 2 113 12
class 0.7451319098472595 1 9 8 20
class 0.6120423674583435 6 6 17 17
class 0.5093333721160889 101 8 111 20
class 0.7084833979606628 147 7 157 20
class 0.6797836422920227 78 22 87 33
class 0.654948890209198 158 23 169 35
class 0.6713906526565552 15 33 24 45
class 0.583081066608429 18 29 30 42
class 0.636538565158844 51 33 61 44
class 0.6753053069114685 63 32 73 45
class 0.6134474277496338 172 34 182 45
class 0.5092822909355164 177 36 184 43
class 0.6109709143638611 151 38 161 50
class 0.8136159181594849 188 75 197 87
class 0.8412626385688782 3 96 13 108
class 0.6063421368598938 109 105 119 118
class 0.6510328054428101 176 107 185 120
class 0.7949332594871521 30 118 40 129
class 0.7194800972938538 186 111 197 124
class 0.5267993211746216 74 122 84 135
class 0.7710459232330322 165 122 174 134
class 0.7079217433929443 186 126 197 138
class 0.7899117469787598 2 139 11 150
class 0.6034972071647644 107 138 119 150
class 0.6447771787643433 128 136 138 149
class 0.6374520659446716 81 144 92 155
class 0.658545732498169 91 156 100 169
class 0.7806018590927124 116 154 128 166
class 0.6302606463432312 8 171 18 183
class 0.39496514201164246 12 172 22 182
class 0.7195844650268555 127 164 138 177
class 0.4848431348800659 168 166 178 177
class 0.6610106229782104 176 169 186 181
class 0.6287549734115601 30 174 39 186
class 0.49472999572753906 173 179 182 191
class 0.6778783202171326 176 177 187 191
class 0.6681126356124878 181 179 190 190
class 0.5388715267181396 16 193 28 199
class 0.563409149646759 95 192 106 199
