class 0.8335002660751343 25 0 34 8
class 0.7395843267440796 65 9 75 21
class 0.6575434803962708 85 10 96 24
class 0.7061663866043091 57 24 66 36
class 0.5206836462020874 131 21 140 35
class 0.6862468123435974 170 18 178 31
class 0.7215994596481323 91 32 100 44
class 0.6409780979156494 106 34 117 46
class 0.41150006651878357 129 45 139 57
class 0.7045219540596008 114 54 126 67
class 0.5836829543113708 128 49 139 62
class 0.6145880818367004 150 47 160 61
class 0.5475518703460693 61 60 70 72
class 0.5660083293914795 133 67 144 76
class 0.5230612754821777 164 76 176 88
class 0.7363314032554626 108 87 119 99
class 0.8143982291221619 3 91 13 103
class 0.7101529836654663 27 92 37 104
class 0.593146800994873 47 96 57 106
class 0.5689949989318848 78 90 88 101
class 0.585078775882721 173 90 186 103
class 0.660082221031189 130 102 140 113
class 0.4341340959072113 161 101 172 112
class 0.6545763611793518 182 105 192 118
class 0.7746511101722717 0 122 6 138
class 0.3018242120742798 20 121 33 135
class 0.55667644739151 80 125 90 137
class 0.5976598858833313 177 128 188 140
class 0.43619197607040405 181 129 190 139
class 0.5840478539466858 14 134 25 145
class 0.5833937525749207 5 148 18 160
class 0.37745586037635803 45 143 57 155
class 0.34769758582115173 50 145 60 157
class 0.61342853307724 161 151 169 162
class 0.5967287421226501 91 155 103 169
class 0.4349749684333801 159 154 167 164
class 0.5352378487586975 140 169 152 181
class 0.8711835741996765 191 162 199 177
class 0.661227822303772 23 176 33 188
class 0.5257531404495239 153 174 162 186
class 0.8094574213027954 0 187 6 197
