class 0.8142187595367432 149 0 158 9
class 0.6022571921348572 20 6 31 19
class 0.58242267370224 119 13 129 25
class 0.7194228768348694 177 6 189 20
class 0.6488261818885803 21 22 31 35
class 0.6299370527267456 161 21 172 34
class 0.72431880235672 62 27 72 39
class 0.5298088192939758 150 33 161 48
class 0.7225862145423889 177 34 188 45
class 0.6613590717315674 108 45 117 55
class 0.5467400550842285 188 43 198 54
class 0.3658081889152527 194 41 199 56
class 0.44609183073043823 35 47 45 59
class 0.63105708360672 98 55 108 67
class 0.6725439429283142 121 50 130 62
class 0.5646407604217529 184 48 193 59
class 0.8316064476966858 4 75 13 88
class 0.743124783039093 166 69 175 82
class 0.5538791418075562 154 85 164 98
class 0.5232616066932678 42 94 55 106
class 0.6774391531944275 80 102 90 115
class 0.6739804744720459 176 104 187 117
class 0.39517658948898315 130 122 141 135
class 0.6707773208618164 23 140 36 151
class 0.6267516016960144 133 133 144 146
class 0.5649912357330322 56 145 68 161
class 0.5989765524864197 76 148 86 162
class 0.474789559841156 30 160 44 173
class 0.7389618158340454 58 154 70 168
class 0.6376657485961914 133 154 142 165
class 0.4871217608451843 16 170 29 181
class 0.3449661135673523 40 167 51 179
class 0.5929194092750549 49 170 58 182
class 0.8092602491378784 154 163 165 176
class 0.6941159963607788 180 169 191 183
class 0.5987220406532288 8 181 17 192
class 0.3989027440547943 165 181 173 193
class 0.6106238961219788 155 190 167 199
