class 0.8264399766921997 176 1 188 11
class 0.8441725373268127 2 6 11 18
class 0.6416534185409546 21 13 30 23
class 0.7476837635040283 44 6 55 20
class 0.6590187549591064 95 6 106 18
class 0.5133326649665833 154 12 164 25
class 0.44924816489219666 181 10 193 24
class 0.6016232371330261 55 20 65 34
class 0.6434355974197388 93 22 104 35
class 0.7685682773590088 167 20 178 32
class 0.37557679414749146 187 18 195 28
class 0.8307167887687683 2 32 12 46
class 0.6744059324264526 72 30 82 43
class 0.6090436577796936 166 45 175 57
class 0.6021215319633484 48 51 58 64
class 0.6811473369598389 70 52 80 66
class 0.5211244821548462 80 48 90 59
class 0.7379084229469299 191 55 199 66
class 0.5847123861312866 79 85 91 98
class 0.596398115158081 148 85 158 98
class 0.5511988401412964 35 90 45 101
class 0.7189277410507202 125 93 134 106
class 0.5552135109901428 171 92 182 103
class 0.43861594796180725 176 91 186 104
class 0.6039734482765198 44 107 55 119
class 0.6480469703674316 83 107 92 118
class 0.6788696646690369 178 104 188 118
class 0.40666860342025757 188 103 196 119
class 0.4057287275791168 194 105 198 118
class 0.6423582434654236 101 113 111 125
class 0.5989795923233032 145 118 155 129
class 0.6736266016960144 177 112 188 126
class 0.6433168649673462 188 112 196 124
class 0.549984335899353 193 112 198 125
class 0.4844783842563629 27 122 37 134
class 0.6713661551475525 119 122 129 133
class 0.4898260831832886 70 149 79 162
class 0.4580777585506439 154 151 162 160
class 0.6547142863273621 169 147 181 159
class 0.5787041187286377 141 168 152 182
class 0.5615062713623047 7 175 16 186
class 0.5339391827583313 163 187 172 197
