class 0.8120960593223572 19 2 28 13
class 0.8179187178611755 2 7 11 20
class 0.5475893616676331 37 7 48 19
class 0.5346881747245789 112 13 121 24
class 0.728813886642456 169 13 181 24
class 0.6274829506874084 16 22 24 31
class 0.5880519151687622 18 17 27 30
class 0.4994232952594757 62 24 73 36
class 0.5341429114341736 133 23 143 36
class 0.6057605743408203 38 31 48 44
class 0.7766892910003662 158 33 169 45
class 0.4647407531738281 181 34 192 47
class 0.7072960138320923 72 40 82 52
class 0.7304754257202148 173 43 181 56
class 0.5198957920074463 23 54 35 65
class 0.4251735806465149 164 62 174 73
class 0.5666683316230774 32 76 43 87
class 0.367281049489975 27 72 40 88
class 0.6148117780685425 162 75 173 86
class 0.7825601696968079 191 74 199 85
class 0.718123733997345 34 79 45 92
class 0.5765085816383362 76 85 85 99
class 0.4796466827392578 73 86 81 98
class 0.6778191328048706 63 91 74 103
class 0.6213091611862183 75 91 86 103
class 0.7243567109107971 67 115 78 128
class 0.6272610425949097 7 123 17 136
class 0.685144305229187 34 123 45 135
class 0.5743995904922485 44 122 55 134
class 0.6958832144737244 97 129 108 141
class 0.66759192943573 150 122 160 133
class 0.6768078804016113 84 138 93 151
class 0.5082715749740601 113 133 123 145
class 0.6385586261749268 108 147 118 158
class 0.5120787024497986 21 152 33 166
class 0.6816696524620056 73 153 85 165
class 0.6146811842918396 106 153 119 165
class 0.5931313037872314 116 170 126 182
class 0.7263351678848267 11 174 20 186
class 0.47442761063575745 37 178 46 190
class 0.7058942317962646 147 181 157 193
class 0.7876511216163635 0 186 5 197
