class 0.7680487632751465 160 2 168 9
class 0.30250340700149536 165 1 175 7
class 0.5906583070755005 96 12 104 24
class 0.5881718993186951 180 10 190 22
class 0.6157426834106445 133 16 145 29
class 0.5415253639221191 26 39 35 51
class 0.4427298903465271 185 46 192 57
class 0.5550721883773804 54 49 64 61
class 0.5481191277503967 61 63 72 74
class 0.606099009513855 144 59 152 70
class 0.563075065612793 9 82 19 96
class 0.5533310770988464 145 84 155 98
class 0.6095426678657532 65 94 78 107
class 0.48429688811302185 141 94 151 105
class 0.7603065967559814 161 91 171 104
class 0.32784467935562134 64 105 76 116
class 0.7055360674858093 88 101 99 113
class 0.32131439447402954 153 104 164 115
class 0.43645143508911133 60 113 69 124
class 0.6503409743309021 174 117 185 130
class 0.7782785892486572 192 115 199 128
class 0.44907045364379883 28 128 37 140
class 0.7507486343383789 113 127 122 138
class 0.6905881762504578 161 121 171 135
class 0.4624462127685547 87 140 99 152
class 0.6746559739112854 76 142 87 155
class 0.30048868060112 83 141 94 154
class 0.5469365119934082 112 141 122 155
class 0.6414685249328613 133 144 143 157
class 0.7961925864219666 188 148 198 161
class 0.6592986583709717 40 158 53 172
class 0.6060227155685425 47 163 60 177
class 0.38470903038978577 2 181 10 194
class 0.5688676834106445 8 181 18 193
class 0.4415346384048462 101 178 111 191
class 0.42063236236572266 141 178 150 190
class 0.4062333106994629 1 188 8 198
class 0.5058265924453735 10 187 20 199
class 0.5063709616661072 13 189 23 198
