class 0.566253125667572 56 3 66 12
class 0.5485899448394775 32 11 43 22
class 0.6122536659240723 125 7 135 19
class 0.509219765663147 57 16 67 30
class 0.8907828330993652 192 23 199 34
class 0.8456834554672241 1 27 8 39
class 0.612548828125 123 33 133 46
class 0.5512990355491638 145 26 156 38
class 0.5465450286865234 29 45 40 56
class 0.5799993872642517 42 45 53 54
class 0.4284699857234955 78 39 88 52
class 0.6304168701171875 136 38 147 49
class 0.4202404320240021 72 67 83 75
class 0.41272351145744324 96 59 107 69
class 0.42347607016563416 107 59 120 71
class 0.5664774179458618 24 76 36 89
class 0.4919196665287018 40 82 49 91
class 0.5303056240081787 127 87 139 98
class 0.4786599278450012 28 97 38 109
class 0.6428327560424805 73 91 83 103
class 0.654640793800354 94 97 105 107
class 0.5848557353019714 165 92 175 103
class 0.718476414680481 75 109 84 119
class 0.45475584268569946 141 105 152 117
class 0.6342920660972595 133 127 143 140
class 0.7744887471199036 9 139 18 150
class 0.7479466199874878 36 134 46 147
class 0.5422144532203674 76 139 86 150
class 0.3540808856487274 135 133 145 144
class 0.38816654682159424 145 139 154 150
class 0.7142763137817383 9 148 19 158
class 0.8229088187217712 4 159 14 172
class 0.5067480802536011 6 154 15 166
class 0.5541205406188965 64 152 74 165
class 0.7278347015380859 9 178 19 190
class 0.5671514868736267 58 175 66 187
class 0.7832995057106018 2 187 11 196
class 0.701924741268158 69 189 80 199
class 0.6834843754768372 88 186 99 196
