class 0.7704479694366455 35 2 45 15
class 0.8162081837654114 80 1 91 14
class 0.7772531509399414 172 0 182 7
class 0.5828243494033813 193 2 199 15
class 0.5040794610977173 20 24 29 35
class 0.7279758453369141 74 31 84 45
class 0.7712865471839905 116 27 128 40
class 0.36740314960479736 122 28 132 40
class 0.6050828695297241 67 39 77 50
class 0.6294886469841003 151 48 161 60
class 0.7194277048110962 190 48 199 60
class 0.6582434177398682 40 66 48 78
class 0.6042859554290771 76 61 87 75
class 0.5867352485656738 73 86 84 98
class 0.6139823198318481 118 80 128 93
class 0.6082231998443604 29 91 38 102
class 0.6591960191726685 158 90 169 104
class 0.6403445601463318 65 101 75 114
class 0.5338766574859619 81 103 93 116
class 0.6376246213912964 170 120 182 134
class 0.6053539514541626 25 137 35 149
class 0.4094318151473999 39 137 47 150
class 0.5760197043418884 13 142 24 155
class 0.7357966899871826 53 150 64 162
class 0.6174339056015015 171 148 184 162
class 0.5616634488105774 96 155 105 166
class 0.8425322771072388 3 170 13 182
class 0.6790450811386108 55 168 65 180
class 0.4645979702472687 74 171 83 181
class 0.4523909091949463 110 171 119 183
class 0.5820406079292297 149 163 160 176
class 0.4556141495704651 15 181 24 193
class 0.5947152972221375 41 181 52 194
class 0.601211428642273 78 175 92 187
class 0.5751140713691711 98 189 107 198
class 0.648236870765686 94 193 104 199
class 0.5986571907997131 101 189 111 199
class 0.35049721598625183 102 194 112 199
class 0.6772938370704651 154 191 166 199
