class 0.6567464470863342 162 0 171 8
class 0.8345484137535095 167 2 179 12
class 0.5636988282203674 25 8 35 18
class 0.5255042910575867 120 7 131 19
class 0.6455082297325134 172 7 182 19
class 0.6116598844528198 60 17 69 29
class 0.5876224637031555 20 34 30 45
class 0.6819334030151367 116 34 125 45
class 0.8210893273353577 6 38 17 51
class 0.6084445118904114 66 43 77 56
class 0.663445770740509 75 45 84 56
class 0.5323003530502319 14 55 25 68
class 0.656501829624176 56 52 67 64
class 0.5791897177696228 63 58 74 70
class 0.6557781100273132 159 66 169 79
class 0.4973270297050476 10 70 20 80
class 0.4753114879131317 18 69 28 83
class 0.7012341022491455 35 72 45 83
class 0.4941747784614563 117 70 129 83
class 0.6069816946983337 145 76 155 88
class 0.3047313094139099 141 82 152 93
class 0.45673301815986633 161 82 171 94
class 0.5709795951843262 165 81 174 93
class 0.6963569521903992 29 95 36 106
class 0.5607401132583618 103 95 114 107
class 0.6641520857810974 155 91 164 104
class 0.5441451668739319 92 106 103 118
class 0.6300140023231506 62 112 73 124
class 0.49634814262390137 112 129 122 141
class 0.5944017171859741 146 122 157 133
class 0.6709325909614563 160 124 171 136
class 0.5936204791069031 49 138 61 151
class 0.5987409353256226 103 144 113 155
class 0.6290967464447021 24 170 34 183
class 0.7450908422470093 51 164 63 177
class 0.6861177682876587 67 164 77 177
class 0.6153807044029236 180 177 189 189
class 0.5815237164497375 90 190 100 199
class 0.6345219612121582 117 186 127 197
