class 0.8028315901756287 118 2 129 11
class 0.4597111940383911 126 2 135 6
class 0.8117304444313049 126 2 136 12
class 0.550740122795105 125 2 132 4
class 0.7611168622970581 135 3 146 13
class 0.3742143213748932 149 3 157 12
class 0.68174147605896 153 8 160 21
class 0.3817928731441498 156 9 164 22
class 0.8367231488227844 0 16 8 29
class 0.6309430003166199 7 34 18 46
class 0.664341151714325 67 54 77 65
class 0.7612179517745972 150 47 162 60
class 0.6072896122932434 71 65 82 77
class 0.7068651914596558 88 65 97 76
class 0.6316245198249817 180 62 190 75
class 0.4382932186126709 146 75 158 87
class 0.7628655433654785 54 86 64 98
class 0.4844983220100403 112 79 123 91
class 0.36577126383781433 46 89 56 103
class 0.543222963809967 51 90 61 103
class 0.4915275573730469 158 95 168 107
class 0.5778706073760986 168 96 179 107
class 0.5618842840194702 145 105 157 118
class 0.4225594997406006 80 116 90 126
class 0.5525305271148682 95 114 106 126
class 0.4971550703048706 139 118 150 130
class 0.8562383651733398 1 129 8 142
class 0.5618739724159241 69 121 80 134
class 0.4841555655002594 117 129 125 141
class 0.5384813547134399 184 138 195 150
class 0.6120779514312744 53 147 64 161
class 0.3447510600090027 5 166 11 177
class 0.38485434651374817 6 165 15 176
class 0.7276217937469482 70 171 80 183
class 0.680336058139801 120 181 129 193
class 0.7464438676834106 178 180 188 193
class 0.4610905051231384 26 186 35 196
class 0.6160370707511902 69 189 79 199
class 0.4496167302131653 110 185 119 195
