class 0.8407231569290161 23 0 33 11
class 0.32317131757736206 172 0 182 5
class 0.7175976634025574 176 0 185 5
class 0.7335701584815979 193 0 199 11
class 0.4545292258262634 15 6 25 17
class 0.6664165258407593 67 7 78 19
class 0.6206240653991699 107 5 118 18
class 0.4887846112251282 86 23 96 33
class 0.689174234867096 81 23 90 36
class 0.7142975330352783 91 18 100 31
class 0.6733671426773071 112 22 124 35
class 0.5961329936981201 29 32 38 46
class 0.6332871317863464 50 29 58 43
class 0.35299745202064514 73 29 82 41
class 0.6846640706062317 142 27 154 42
class 0.4036351144313812 109 49 120 61
class 0.5203720927238464 162 49 172 62
class 0.33851170539855957 112 72 121 84
class 0.6644957661628723 24 86 34 99
class 0.6158884763717651 29 83 39 95
class 0.5881651639938354 86 96 97 107
class 0.5880096554756165 117 90 127 102
class 0.6100142598152161 176 90 187 104
class 0.7116249799728394 32 105 42 119
class 0.7161346673965454 51 111 61 123
class 0.571864664554596 160 112 170 123
class 0.6243507266044617 73 121 83 134
class 0.6440106630325317 35 131 45 143
class 0.6704285740852356 88 132 99 145
class 0.5968620777130127 85 150 96 162
class 0.46295443177223206 146 150 154 162
class 0.622780978679657 166 146 176 158
class 0.7211295962333679 180 150 191 161
class 0.6105474829673767 91 159 100 170
class 0.5969904065132141 102 166 113 180
class 0.7045103311538696 134 165 144 179
