class 0.5293485522270203 25 23 34 36
class 0.5580399036407471 50 28 59 38
class 0.6274709105491638 102 33 113 45
class 0.6916776299476624 30 41 40 54
class 0.6158002018928528 50 49 60 61
class 0.6561565399169922 75 49 87 64
class 0.6354929208755493 63 66 75 78
class 0.6361016631126404 98 72 109 84
class 0.7446795105934143 193 75 199 87
class 0.5032716989517212 13 85 25 97
class 0.3466370105743408 20 85 30 96
class 0.4848686754703522 14 90 25 102
class 0.664940595626831 32 96 41 108
class 0.6412393450737 85 96 96 108
class 0.5580338835716248 109 92 120 103
class 0.7796047329902649 146 92 158 107
class 0.34013110399246216 152 95 165 108
class 0.5819247961044312 175 97 186 109
class 0.3991090655326843 57 101 67 113
class 0.3244566321372986 96 106 107 118
class 0.4708080291748047 153 105 166 117
class 0.596770703792572 64 111 74 123
class 0.6908746957778931 155 111 166 123
class 0.6682485938072205 171 112 182 124
class 0.559017539024353 7 124 18 137
class 0.6465467810630798 109 135 120 147
class 0.7024826407432556 7 149 16 162
class 0.643130362033844 66 149 76 160
class 0.6533662676811218 148 149 159 161
class 0.461521178483963 165 144 176 156
class 0.5098881125450134 89 153 101 164
class 0.6434633135795593 174 154 186 168
class 0.5867111682891846 130 170 140 183
class 0.709308922290802 154 169 165 182
class 0.6295623183250427 15 174 25 187
class 0.4576520025730133 137 177 146 190
class 0.6685108542442322 141 179 150 190
class 0.6527940630912781 29 188 41 198
class 0.6648549437522888 72 189 83 199
