class 0.841537594795227 23 1 33 11
class 0.8864368796348572 122 1 134 14
class 0.7395446300506592 194 0 199 9
class 0.5892572402954102 46 6 56 18
class 0.7043583989143372 62 7 72 19
class 0.4596194624900818 183 23 192 36
class 0.6182221174240112 118 28 128 40
class 0.6712737679481506 151 33 160 46
class 0.6502276062965393 97 39 108 51
class 0.7272449135780334 168 44 178 57
class 0.5328185558319092 46 54 57 65
class 0.642659604549408 58 51 69 63
class 0.6200374364852905 174 64 187 77
class 0.8325201869010925 1 76 11 88
class 0.684281587600708 77 73 87 85
class 0.6112430691719055 114 75 125 87
class 0.4712691903114319 138 86 150 98
class 0.3333468735218048 148 82 159 94
class 0.6000397801399231 172 85 182 98
class 0.5553460121154785 104 95 115 107
class 0.5421594977378845 64 122 73 134
class 0.5417695641517639 104 122 113 135
class 0.7421849370002747 35 138 46 148
class 0.5715661644935608 93 136 103 149
class 0.4681997001171112 155 140 165 151
class 0.7379777431488037 25 146 34 158
class 0.7168726921081543 60 143 71 155
class 0.6198399066925049 178 143 188 156
class 0.5459249019622803 8 160 18 170
class 0.44760727882385254 13 161 22 170
class 0.7070552110671997 45 153 55 165
class 0.6832249760627747 70 158 81 170
class 0.542906641960144 99 158 109 171
class 0.638639509677887 26 171 34 183
class 0.5703338980674744 116 180 126 193
class 0.592163622379303 173 176 184 187
class 0.801776647567749 193 175 199 188
