class 0.5962510108947754 44 0 54 5
class 0.6266093254089355 41 11 50 23
class 0.3690706789493561 140 10 151 20
class 0.5163421630859375 142 6 154 17
class 0.6771535277366638 138 17 148 30
class 0.5785191655158997 35 35 45 46
class 0.614393949508667 113 33 122 46
class 0.633206307888031 143 42 153 56
class 0.6753490567207336 112 62 122 75
class 0.47562259435653687 166 66 176 78
class 0.667738676071167 18 76 28 87
class 0.6534522771835327 36 80 46 92
class 0.6007564067840576 112 82 122 94
class 0.5071055293083191 159 79 170 91
class 0.6986316442489624 115 95 126 109
class 0.5789927244186401 174 89 184 104
class 0.6800111532211304 172 105 182 119
class 0.7757131457328796 124 112 134 127
class 0.749929666519165 140 117 151 131
class 0.6319136023521423 77 126 88 139
class 0.6707718372344971 66 134 76 147
class 0.5656368732452393 181 132 190 144
class 0.5764521956443787 116 149 128 162
class 0.4682201147079468 129 146 141 158
class 0.40495064854621887 134 145 143 155
class 0.38585928082466125 134 151 141 157
class 0.5907987952232361 44 159 54 171
class 0.3303213119506836 91 155 101 168
class 0.5415245890617371 14 163 24 175
class 0.6240198016166687 94 171 108 183
class 0.5933210849761963 157 165 167 176
class 0.5827387571334839 7 178 15 191
class 0.6453269720077515 30 176 39 187
class 0.5444729328155518 51 180 60 191
class 0.5585716962814331 63 179 73 191
class 0.48507964611053467 141 179 151 191
class 0.7109458446502686 170 175 180 187
class 0.5697141289710999 98 185 109 197
class 0.6968013644218445 145 187 155 197
