class 0.4728319048881531 155 3 162 9
class 0.8337479829788208 178 0 189 6
class 0.607830286026001 75 5 86 18
class 0.4930322468280792 99 14 109 26
class 0.4399566650390625 155 7 163 17
class 0.5958336591720581 183 16 192 28
class 0.5203733444213867 50 29 59 40
class 0.527055025100708 40 53 49 66
class 0.38242247700691223 66 53 76 66
class 0.3650231957435608 72 54 80 64
class 0.6376988291740417 121 47 133 60
class 0.5369961857795715 29 65 38 77
class 0.6177515387535095 62 62 72 75
class 0.48450541496276855 74 60 84 72
class 0.5930217504501343 155 59 165 70
class 0.5282391309738159 6 76 16 88
class 0.6739672422409058 112 74 121 86
class 0.6629754304885864 164 75 174 87
class 0.5731091499328613 18 87 27 98
class 0.6089175343513489 84 97 95 110
class 0.6042928695678711 67 107 77 121
class 0.5983965992927551 145 100 154 111
class 0.7366632223129272 183 103 193 115
class 0.3977750539779663 46 114 57 127
class 0.5969065427780151 86 110 96 124
class 0.5389853715896606 177 117 185 130
class 0.5498729348182678 58 125 69 136
class 0.7045480012893677 8 138 19 150
class 0.5259320139884949 151 132 161 144
class 0.5565456748008728 39 146 48 159
class 0.4203909933567047 99 145 109 155
class 0.608154833316803 172 148 182 161
class 0.6490579843521118 127 156 138 169
class 0.5095405578613281 143 154 155 166
class 0.7923454642295837 0 169 5 183
class 0.6296388506889343 131 174 140 186
class 0.5018259882926941 10 185 18 198
class 0.48593080043792725 13 186 22 197
