class 0.8301998972892761 54 0 64 9
class 0.8421809077262878 141 1 150 12
class 0.7285558581352234 34 5 45 20
class 0.6660805940628052 42 21 53 34
class 0.6466705799102783 105 20 118 34
class 0.4192965030670166 151 23 161 36
class 0.32092171907424927 155 22 165 34
class 0.628417432308197 97 27 107 39
class 0.4657919108867645 145 55 155 66
class 0.6690012812614441 28 63 38 77
class 0.5228081345558167 141 62 151 72
class 0.510515570640564 145 60 155 73
class 0.6409575939178467 169 65 180 77
class 0.8193778395652771 192 60 199 71
class 0.6436461806297302 103 69 115 81
class 0.8956801295280457 2 85 12 97
class 0.6715216636657715 13 80 24 93
class 0.6704381704330444 113 79 125 91
class 0.6791594624519348 160 80 171 93
class 0.829479992389679 191 86 199 98
class 0.5172238349914551 57 97 67 109
class 0.7500571608543396 41 107 50 119
class 0.671225905418396 124 106 136 119
class 0.3454797565937042 50 110 62 125
class 0.561911940574646 65 111 76 124
class 0.4208377003669739 9 120 17 135
class 0.6672602295875549 65 126 76 138
class 0.6930656433105469 149 127 160 139
class 0.5829999446868896 4 134 13 145
class 0.679182231426239 74 138 85 152
class 0.4772420823574066 66 159 78 172
class 0.4045463502407074 72 160 83 173
class 0.49130332469940186 176 160 184 173
class 0.6146692633628845 21 168 32 181
class 0.4068637192249298 176 166 185 177
class 0.7100988030433655 145 175 156 188
class 0.6549357175827026 181 173 191 186
class 0.5979187488555908 79 185 90 199
class 0.6244499087333679 94 185 103 197
