class 0.856704831123352 24 1 34 12
class 0.6843639612197876 81 11 90 23
class 0.4533304274082184 99 11 110 24
class 0.6562381386756897 136 6 146 19
class 0.5515202283859253 152 22 160 34
class 0.8410245776176453 0 32 5 44
class 0.506284773349762 87 35 98 47
class 0.5660111308097839 174 35 184 44
class 0.4427635073661804 76 45 86 57
class 0.46740496158599854 83 38 93 49
class 0.612121045589447 112 43 122 55
class 0.4262690246105194 72 50 84 61
class 0.40026766061782837 76 52 87 63
class 0.49571990966796875 80 53 91 64
class 0.8105615377426147 3 59 13 70
class 0.3252774178981781 76 58 86 69
class 0.5195230841636658 170 69 180 83
class 0.6789137721061707 99 80 109 93
class 0.5212408900260925 3 92 10 105
class 0.5726271271705627 9 93 19 106
class 0.6751455068588257 17 92 28 106
class 0.6219379901885986 152 95 162 109
class 0.6491608619689941 130 107 140 119
class 0.533255398273468 18 119 27 129
class 0.6223017573356628 172 112 183 125
class 0.5605894327163696 114 129 123 141
class 0.35664016008377075 116 132 126 145
class 0.6145521998405457 156 136 166 148
class 0.513489305973053 50 144 59 154
class 0.5221914649009705 69 146 80 159
class 0.6412134766578674 123 145 134 159
class 0.6651793718338013 56 155 67 167
class 0.6293798685073853 86 157 96 169
class 0.4897778630256653 125 157 134 167
class 0.6087567210197449 132 162 144 177
class 0.6872484087944031 145 166 156 177
class 0.3511095345020294 96 182 107 195
class 0.6632331609725952 168 190 179 199
