class 0.7942199110984802 86 2 98 11
class 0.5225810408592224 92 2 101 9
class 0.8537399172782898 1 7 12 21
class 0.7045356035232544 7 16 20 28
class 0.7381832599639893 182 23 192 35
class 0.5168642401695251 45 32 56 43
class 0.3888363540172577 78 34 87 46
class 0.6852791905403137 115 27 125 41
class 0.767782986164093 158 26 170 40
class 0.7761701345443726 188 34 198 45
class 0.7736631035804749 87 42 97 53
class 0.6061422824859619 91 45 101 55
class 0.6417766213417053 101 42 111 53
class 0.7081829309463501 140 42 150 55
class 0.6995620727539062 26 51 38 63
class 0.646537721157074 144 64 155 79
class 0.6269319653511047 0 75 5 88
class 0.624967098236084 95 68 104 81
class 0.8451951146125793 1 83 9 96
class 0.33570706844329834 2 90 7 101
class 0.6683790683746338 130 97 140 109
class 0.5612729787826538 101 105 111 118
class 0.5019176602363586 152 108 161 120
class 0.7418352961540222 55 116 66 131
class 0.603699266910553 15 121 25 133
class 0.6111549735069275 64 123 75 136
class 0.5937135219573975 115 123 124 135
class 0.5912083983421326 38 138 48 150
class 0.6842592358589172 103 157 113 170
class 0.840131402015686 0 171 9 182
class 0.6838371753692627 59 164 69 176
class 0.40662920475006104 83 168 93 182
class 0.3250114321708679 87 169 96 181
class 0.48128941655158997 89 165 102 177
class 0.5336184501647949 28 175 39 188
class 0.4250008761882782 68 172 82 189
class 0.5768271088600159 81 172 90 187
class 0.6314100027084351 67 188 77 197
class 0.40836581587791443 122 193 134 199
class 0.6089966893196106 139 192 149 199
