class 0.7398852109909058 47 0 56 9
class 0.6853599548339844 35 8 46 18
class 0.6723032593727112 188 12 195 25
class 0.552177906036377 28 20 37 34
class 0.6040797829627991 149 23 159 35
class 0.7109203934669495 167 27 178 40
class 0.7419918775558472 0 38 5 49
class 0.5451779961585999 82 59 92 71
class 0.715534508228302 141 64 151 77
class 0.6116249561309814 18 70 29 83
class 0.6957560777664185 28 80 37 91
class 0.6133031249046326 46 82 56 93
class 0.6371592879295349 130 86 141 99
class 0.6797296404838562 185 80 195 93
class 0.5554286241531372 60 91 70 102
class 0.45836788415908813 172 97 182 111
class 0.48971179127693176 154 125 165 137
class 0.6796720623970032 171 122 182 135
class 0.6936761736869812 14 142 24 156
class 0.5446434020996094 38 140 49 158
class 0.7435535192489624 75 143 85 155
class 0.5764148831367493 161 145 172 158
class 0.7315831184387207 0 154 6 166
class 0.5245977640151978 139 161 149 172
class 0.6129353046417236 29 166 40 178
class 0.5958322882652283 48 164 58 177
class 0.5364638566970825 76 170 86 183
class 0.6283676028251648 119 171 130 181
class 0.41916757822036743 136 164 147 174
class 0.657775342464447 145 165 155 176
class 0.33362820744514465 80 178 90 190
class 0.5831634402275085 170 173 180 187
class 0.41527891159057617 0 190 1 199
class 0.5313491821289062 0 190 5 199
class 0.3566998839378357 0 190 2 199
class 0.6346673965454102 14 186 24 196
class 0.5123952031135559 18 186 29 197
class 0.4836083650588989 22 188 34 197
class 0.73192298412323 34 189 45 197
class 0.3339110314846039 32 193 39 199
class 0.5211741328239441 78 189 87 198
class 0.37570446729660034 74 195 85 199
class 0.5111000537872314 80 185 90 196
class 0.6414107084274292 139 189 150 198
