class 0.8507081270217896 139 2 149 14
class 0.7010729312896729 32 12 42 23
class 0.3481747806072235 5 22 11 32
class 0.7459084987640381 7 19 16 30
class 0.5985196232795715 39 23 50 35
class 0.5663517713546753 120 16 130 29
class 0.6798751950263977 6 30 16 42
class 0.7643274664878845 193 30 199 41
class 0.6477406620979309 114 44 124 55
class 0.697393536567688 0 49 5 61
class 0.5829326510429382 80 49 90 61
class 0.5693348050117493 56 61 67 72
class 0.5731566548347473 97 59 107 71
class 0.6570348143577576 157 65 166 78
class 0.7993578314781189 2 72 11 85
class 0.5549513101577759 46 70 57 82
class 0.3906862735748291 52 71 62 81
class 0.3095664978027344 58 69 68 80
class 0.6981517672538757 161 71 170 83
class 0.39891624450683594 6 81 17 91
class 0.586271345615387 192 87 199 98
class 0.6172040104866028 49 93 58 106
class 0.6422155499458313 133 97 144 110
class 0.5873541831970215 19 107 31 119
class 0.6164115071296692 67 107 76 118
class 0.7471246719360352 138 112 148 124
class 0.8260659575462341 3 125 12 136
class 0.672964870929718 93 126 103 138
class 0.5291913747787476 62 137 73 148
class 0.38806888461112976 128 139 139 150
class 0.6771200299263 150 133 161 145
class 0.6384006142616272 18 142 29 155
class 0.4923066198825836 135 144 145 154
class 0.6971186399459839 142 158 151 171
class 0.6688364744186401 27 163 38 175
class 0.5475515723228455 79 164 89 176
class 0.5901194214820862 109 170 118 182
class 0.503548264503479 138 167 148 178
class 0.47731560468673706 160 169 171 183
class 0.592453122138977 110 177 119 190
class 0.43059083819389343 114 179 124 190
class 0.6175681352615356 127 185 138 196
