class 0.9001699686050415 1 0 10 11
class 0.8127666711807251 45 0 55 13
class 0.7518640756607056 87 2 97 14
class 0.7759068608283997 133 2 144 14
class 0.8012463450431824 181 1 191 14
class 0.6487277746200562 78 11 88 23
class 0.5360944867134094 162 10 172 22
class 0.594197154045105 4 17 12 27
class 0.6560918688774109 116 37 127 49
class 0.5802305340766907 130 42 140 56
class 0.49960052967071533 24 50 33 60
class 0.5148159861564636 49 53 59 65
class 0.5790330171585083 87 47 98 61
class 0.6407355070114136 119 55 130 67
class 0.5249398946762085 7 66 17 77
class 0.5296543836593628 39 63 48 76
class 0.712934136390686 77 65 86 77
class 0.6913172602653503 138 64 148 76
class 0.8020371794700623 0 75 8 88
class 0.42831236124038696 15 79 23 91
class 0.4071131646633148 49 78 61 91
class 0.5938032865524292 84 87 93 99
class 0.5899094343185425 102 81 113 92
class 0.6728628873825073 147 85 156 97
class 0.356880247592926 157 83 168 96
class 0.6954045295715332 170 82 180 94
class 0.6798985004425049 156 95 168 107
class 0.3190705180168152 163 92 178 109
class 0.528843343257904 84 100 95 112
class 0.5548697113990784 123 102 134 114
class 0.6861796975135803 149 107 159 119
class 0.6357236504554749 42 117 52 128
class 0.5327065587043762 137 124 146 136
class 0.6707665324211121 160 125 171 136
class 0.3184579312801361 165 128 174 139
class 0.6430079936981201 113 148 123 161
class 0.5652227401733398 53 155 63 168
class 0.74663245677948 74 173 84 186
class 0.6467142701148987 99 175 109 187
class 0.6189622282981873 110 187 119 198
