class 0.5706366300582886 31 2 42 11
class 0.8336347937583923 41 1 52 12
class 0.6133959293365479 80 0 90 8
class 0.4254586696624756 32 6 43 18
class 0.3867010176181793 47 18 59 30
class 0.5180025100708008 109 17 120 30
class 0.6894139051437378 146 17 155 29
class 0.6122189164161682 171 22 180 36
class 0.577246367931366 77 39 86 50
class 0.6514766812324524 137 40 148 53
class 0.5668879151344299 132 41 144 58
class 0.5067211985588074 41 55 52 65
class 0.6291300058364868 52 49 63 61
class 0.6382974982261658 88 55 97 66
class 0.5039240717887878 96 61 107 73
class 0.78492271900177 19 72 30 86
class 0.6332809329032898 38 76 48 87
class 0.5062190890312195 180 75 190 89
class 0.7539250254631042 189 69 199 81
class 0.6792089939117432 148 87 159 99
class 0.7198273539543152 166 87 175 99
class 0.5370703935623169 25 107 35 117
class 0.4697982668876648 61 99 73 111
class 0.6602641940116882 117 104 129 116
class 0.6542388796806335 11 120 20 133
class 0.7186048626899719 76 122 86 136
class 0.7060450911521912 85 128 95 141
class 0.6074215173721313 120 133 131 146
class 0.49045637249946594 75 143 87 155
class 0.4758140444755554 161 148 173 159
class 0.5729330778121948 174 150 185 162
class 0.45335522294044495 35 154 46 164
class 0.6146323680877686 117 163 127 177
class 0.5203288793563843 11 175 22 188
class 0.6716704964637756 137 174 147 188
class 0.7081195116043091 160 174 170 186
class 0.33736199140548706 99 189 109 197
