class 0.852531373500824 54 1 65 14
class 0.3365750312805176 137 1 147 8
class 0.4473273456096649 146 1 156 8
class 0.6542083621025085 183 0 192 6
class 0.6337197422981262 189 0 196 8
class 0.745728075504303 64 12 76 24
class 0.7215644121170044 118 12 128 25
class 0.7556570172309875 128 7 139 19
class 0.6113603115081787 146 13 155 24
class 0.6681450605392456 78 21 87 32
class 0.6985187530517578 8 27 19 40
class 0.7031630277633667 22 29 32 43
class 0.6990185379981995 107 53 119 67
class 0.64235520362854 154 48 166 60
class 0.7962284684181213 28 72 38 85
class 0.7316677570343018 45 68 56 81
class 0.6697422862052917 8 93 19 106
class 0.7405153512954712 107 91 117 103
class 0.6090940833091736 131 95 140 107
class 0.6520849466323853 138 93 148 105
class 0.34864526987075806 142 92 153 102
class 0.6672242879867554 102 105 110 119
class 0.6346501111984253 124 104 132 116
class 0.6786364316940308 64 118 75 129
class 0.6111857891082764 4 128 13 142
class 0.8001058101654053 140 129 150 140
class 0.44349735975265503 142 126 154 138
class 0.5178271532058716 28 132 36 142
class 0.7899041771888733 130 138 139 149
class 0.5776625871658325 132 132 145 145
class 0.7299970388412476 186 132 196 144
class 0.8497124910354614 3 148 12 160
class 0.5570668578147888 49 146 58 158
class 0.8178252577781677 113 144 124 157
class 0.3764253258705139 34 155 46 167
class 0.6137039661407471 31 166 40 177
class 0.6267368197441101 40 168 52 180
class 0.3311828374862671 61 172 67 182
class 0.3290187120437622 131 169 143 185
class 0.5800384283065796 17 178 27 191
class 0.532957136631012 56 173 68 187
class 0.4467422366142273 156 181 168 192
class 0.4848819077014923 171 175 181 187
class 0.5837287306785583 62 185 72 196
