class 0.54891037940979 62 0 73 6
class 0.7009255886077881 109 0 119 6
class 0.7002551555633545 40 7 51 18
class 0.6137552261352539 185 7 194 18
class 0.7486251592636108 75 18 85 29
class 0.5675190687179565 71 21 81 33
class 0.547103762626648 47 32 60 47
class 0.6279184222221375 158 34 167 45
class 0.6313965320587158 110 39 122 50
class 0.4585244953632355 69 54 79 66
class 0.578546941280365 105 52 117 64
class 0.33652952313423157 103 51 111 65
class 0.30662792921066284 112 50 123 61
class 0.3027240037918091 39 59 48 69
class 0.5111168026924133 91 64 101 77
class 0.5336922407150269 109 62 119 73
class 0.4337429404258728 25 75 34 86
class 0.6496102809906006 109 74 118 85
class 0.6771650314331055 4 81 12 92
class 0.5539887547492981 100 84 111 100
class 0.5811020731925964 127 97 137 109
class 0.547100841999054 112 101 121 112
class 0.6787974834442139 151 100 161 112
class 0.4661922752857208 54 128 65 141
class 0.5902112126350403 101 122 111 135
class 0.353904128074646 50 135 60 147
class 0.6065229773521423 82 133 91 144
class 0.6627174019813538 11 148 23 161
class 0.7111063003540039 57 147 66 160
class 0.6890818476676941 108 143 118 155
class 0.5464134812355042 20 159 31 171
class 0.6614307761192322 81 159 91 170
class 0.4971829354763031 18 167 28 179
class 0.449869841337204 107 171 118 184
class 0.706638514995575 167 165 177 176
class 0.6132384538650513 44 181 55 193
class 0.46311965584754944 81 182 89 192
class 0.6221511960029602 27 192 38 199
