class 0.8225275278091431 145 0 157 11
class 0.415841668844223 47 14 56 24
class 0.7215859889984131 93 7 103 19
class 0.5161792039871216 141 10 152 24
class 0.6520612835884094 188 6 197 17
class 0.4641804099082947 145 22 158 33
class 0.6844696402549744 138 41 149 53
class 0.6173045039176941 178 40 186 51
class 0.5949669480323792 119 48 131 61
class 0.659774124622345 65 64 76 77
class 0.6575931906700134 56 73 67 85
class 0.5091356635093689 35 85 46 96
class 0.5653978586196899 131 84 140 97
class 0.6881870627403259 175 80 185 94
class 0.6418072581291199 45 94 58 106
class 0.6736295223236084 66 94 76 106
class 0.5738279223442078 161 97 173 109
class 0.648120641708374 169 96 181 108
class 0.35165610909461975 174 91 185 107
class 0.6394286155700684 10 106 21 117
class 0.5403586626052856 29 109 38 119
class 0.6130176782608032 128 110 138 124
class 0.5890159606933594 128 127 138 139
class 0.6443938612937927 33 136 44 148
class 0.6857588887214661 152 133 161 145
class 0.48308268189430237 34 143 44 154
class 0.5757936835289001 81 150 90 162
class 0.5734050273895264 42 154 52 167
class 0.7111226916313171 8 166 19 179
class 0.30913785099983215 25 168 35 178
class 0.5111983418464661 29 166 38 178
class 0.6815025210380554 180 170 191 181
class 0.5464837551116943 37 175 47 188
class 0.594916820526123 108 181 119 194
class 0.7209279537200928 4 188 13 198
class 0.6892209649085999 17 186 27 198
class 0.6862872242927551 130 192 141 199
