class 0.8046173453330994 24 0 34 8
class 0.85471111536026 41 2 50 16
class 0.8333626389503479 175 0 186 5
class 0.6303722858428955 98 5 108 19
class 0.5671797394752502 114 19 123 31
class 0.5283774733543396 169 24 178 36
class 0.6526815891265869 60 26 71 40
class 0.5837104916572571 19 44 29 56
class 0.7252739667892456 80 42 91 55
class 0.6700113415718079 95 45 105 56
class 0.3778053820133209 162 44 173 56
class 0.6146647334098816 34 55 45 67
class 0.46573203802108765 49 61 58 74
class 0.4949135482311249 130 66 141 76
class 0.3098052740097046 135 66 145 77
class 0.4969555139541626 155 71 164 83
class 0.6477230787277222 170 73 182 86
class 0.40798822045326233 178 72 187 84
class 0.4453448951244354 181 73 191 86
class 0.7854436039924622 4 86 13 98
class 0.6070473790168762 81 82 92 96
class 0.8013011813163757 185 84 196 96
class 0.5931816101074219 18 104 28 115
class 0.6234940886497498 134 112 144 124
class 0.34843912720680237 183 111 193 126
class 0.7919667959213257 188 114 197 128
class 0.5852054357528687 181 128 190 141
class 0.6037571430206299 18 132 27 144
class 0.5117323398590088 140 142 150 154
class 0.6593630909919739 179 144 189 156
class 0.6125927567481995 23 159 34 172
class 0.43629971146583557 55 153 67 166
class 0.6755369305610657 63 154 75 166
class 0.5273399353027344 75 159 87 172
class 0.6506789326667786 143 158 154 172
class 0.6305159330368042 59 167 70 182
class 0.5665329694747925 56 178 67 192
class 0.6949376463890076 85 175 94 188
class 0.6328792572021484 157 175 166 187
class 0.6638280153274536 109 187 119 198
