class 0.8598173260688782 167 0 177 6
class 0.7391844391822815 191 0 198 12
class 0.6534416675567627 87 6 98 18
class 0.46466758847236633 172 13 183 25
class 0.5707725882530212 97 22 108 35
class 0.76909339427948 191 19 199 31
class 0.7983457446098328 3 34 9 46
class 0.6205899119377136 19 30 28 42
class 0.5196261405944824 56 44 67 56
class 0.6562440395355225 138 37 149 50
class 0.5957147479057312 61 52 73 63
class 0.7366389632225037 187 52 197 65
class 0.6295264363288879 130 59 140 73
class 0.5885157585144043 169 66 180 77
class 0.4730931520462036 87 74 99 85
class 0.3366723358631134 78 74 93 88
class 0.5825868248939514 91 70 100 82
class 0.6535933613777161 43 82 55 96
class 0.5692001581192017 77 79 88 91
class 0.6534683704376221 112 85 121 97
class 0.5510384440422058 163 80 174 94
class 0.5529340505599976 98 89 109 102
class 0.5894360542297363 120 106 130 117
class 0.5598483085632324 161 106 172 117
class 0.5712810754776001 183 103 192 117
class 0.5725743770599365 187 105 196 117
class 0.40183934569358826 4 119 9 130
class 0.5952308773994446 85 117 96 129
class 0.7704110145568848 3 122 12 135
class 0.5673815608024597 35 122 46 134
class 0.6676285862922668 182 122 193 133
class 0.7560430765151978 4 139 11 150
class 0.7063864469528198 23 146 32 157
class 0.48758789896965027 60 142 69 154
class 0.526832103729248 159 150 170 161
class 0.6709437966346741 167 142 176 155
class 0.6943899989128113 192 159 199 173
class 0.7482381463050842 9 164 19 175
class 0.6462653279304504 71 175 81 187
class 0.6178263425827026 127 174 137 186
class 0.6011047959327698 144 192 154 199
class 0.648485004901886 188 193 199 199
