class 0.8983244895935059 0 0 8 9
class 0.7755864262580872 54 0 64 6
class 0.37384751439094543 61 0 72 4
class 0.7404986619949341 80 2 91 10
class 0.6309490203857422 191 1 198 15
class 0.44361451268196106 118 12 128 24
class 0.5717127323150635 149 19 160 32
class 0.4584512710571289 160 23 171 38
class 0.4270918369293213 58 29 67 39
class 0.5347439050674438 89 36 98 45
class 0.47627952694892883 126 33 135 45
class 0.5670002698898315 15 56 23 67
class 0.6092838644981384 97 67 109 78
class 0.7472665309906006 25 75 35 86
class 0.6812939047813416 43 76 53 87
class 0.4564107656478882 94 68 102 79
class 0.3300611078739166 40 78 51 92
class 0.5027041435241699 95 89 108 103
class 0.7130205631256104 154 90 164 104
class 0.6677771806716919 181 96 192 109
class 0.6355633735656738 186 94 198 107
class 0.6239792108535767 147 118 157 130
class 0.7635212540626526 184 112 197 125
class 0.7794243693351746 60 122 70 134
class 0.49367889761924744 19 135 28 146
class 0.6545961499214172 80 134 90 146
class 0.30175986886024475 38 145 51 155
class 0.6550175547599792 74 148 83 160
class 0.5914376974105835 154 147 166 162
class 0.5932967662811279 54 153 64 165
class 0.6734674572944641 121 158 133 170
class 0.6880246996879578 141 159 152 171
class 0.825078547000885 2 164 8 175
class 0.5730968117713928 21 163 32 177
class 0.626988410949707 70 164 80 177
class 0.7095829844474792 103 166 114 178
class 0.4735942482948303 68 192 80 199
class 0.7064926028251648 189 185 198 198
