class 0.5957126617431641 68 0 77 5
class 0.7895411849021912 73 0 83 9
class 0.8323147892951965 129 3 139 14
class 0.8812090754508972 175 0 187 8
class 0.6650672554969788 85 7 97 19
class 0.6687819361686707 30 21 38 33
class 0.5937488675117493 80 23 90 35
class 0.6055667996406555 99 23 109 36
class 0.6407354474067688 140 26 150 39
class 0.6977287530899048 103 45 113 56
class 0.6624326705932617 129 37 141 50
class 0.3354441523551941 144 44 155 56
class 0.5584934949874878 170 39 180 51
class 0.6226072311401367 64 54 75 66
class 0.4712322950363159 76 53 87 66
class 0.4572922885417938 86 53 96 65
class 0.6595843434333801 188 50 197 61
class 0.35165128111839294 86 63 98 76
class 0.3228060305118561 100 57 114 71
class 0.7296323776245117 129 60 139 71
class 0.6026883125305176 39 76 52 88
class 0.7326963543891907 120 84 130 96
class 0.6119904518127441 10 107 21 119
class 0.6283314228057861 175 113 186 125
class 0.6217311024665833 25 127 36 140
class 0.5235764384269714 87 126 98 139
class 0.3313978910446167 86 128 94 137
class 0.7066665291786194 154 123 163 134
class 0.7876626253128052 189 124 199 136
class 0.4615723788738251 50 141 61 150
class 0.7612617611885071 189 155 198 168
class 0.6456000208854675 96 173 106 186
class 0.41992121934890747 129 176 138 188
class 0.3498060703277588 136 177 146 189
class 0.801466166973114 0 186 5 197
class 0.5295833945274353 79 192 93 199
class 0.4799564778804779 84 194 95 199
