class 0.8380759358406067 44 2 55 12
class 0.36950650811195374 50 1 60 7
class 0.5703825950622559 65 2 76 10
class 0.330908864736557 73 0 82 3
class 0.5972238183021545 72 1 81 9
class 0.30822622776031494 72 1 80 3
class 0.47409647703170776 84 3 93 12
class 0.8896833658218384 180 0 192 8
class 0.5979806184768677 32 14 42 25
class 0.47915589809417725 70 6 79 16
class 0.3793129324913025 87 5 96 17
class 0.6480441093444824 134 6 144 20
class 0.7485857009887695 189 12 199 23
class 0.4082476496696472 105 23 115 34
class 0.5341720581054688 115 23 126 34
class 0.49840471148490906 48 26 59 39
class 0.682336151599884 140 41 151 54
class 0.7077054381370544 83 49 93 62
class 0.6036579012870789 150 52 160 66
class 0.5803188681602478 31 58 42 71
class 0.6319164633750916 43 59 54 71
class 0.7864899039268494 192 61 199 72
class 0.5702977180480957 56 74 66 87
class 0.7337449193000793 99 75 109 89
class 0.7415750622749329 114 75 123 86
class 0.3709765076637268 16 81 25 92
class 0.44296595454216003 53 83 64 95
class 0.6336811184883118 53 95 64 107
class 0.6433597803115845 120 92 130 103
class 0.5669793486595154 24 107 34 120
class 0.6476370096206665 60 106 70 118
class 0.6080998182296753 175 103 184 116
class 0.5913750529289246 76 128 87 142
class 0.6057022213935852 86 124 97 136
class 0.6245357394218445 98 147 108 159
class 0.7590700387954712 187 149 197 161
class 0.5459835529327393 69 160 80 172
class 0.7040928602218628 95 153 105 167
class 0.5947818160057068 127 154 137 168
class 0.8124726414680481 190 164 199 176
class 0.6744704246520996 12 180 22 193
class 0.5482391715049744 172 181 181 194
class 0.6113306283950806 105 186 114 196
