class 0.7769626975059509 4 0 11 7
class 0.6730269193649292 188 1 195 13
class 0.5248079895973206 68 13 81 23
class 0.565240204334259 156 14 166 24
class 0.6470355987548828 67 20 78 34
class 0.6607328057289124 176 18 186 31
class 0.8292204737663269 76 34 88 45
class 0.6789897680282593 10 39 20 50
class 0.6821238994598389 97 38 108 51
class 0.597485363483429 167 45 179 57
class 0.6685872077941895 176 42 186 54
class 0.4056575894355774 181 43 190 54
class 0.33993929624557495 177 46 182 55
class 0.3023029565811157 187 40 197 51
class 0.3793368935585022 175 47 188 60
class 0.36288854479789734 187 49 196 60
class 0.7728316187858582 29 59 38 71
class 0.5399981737136841 165 65 174 76
class 0.6573367714881897 28 74 37 88
class 0.7014994621276855 91 71 100 83
class 0.751570999622345 112 70 122 83
class 0.7110055088996887 144 82 156 95
class 0.6855216026306152 5 95 13 107
class 0.6074613928794861 83 106 94 120
class 0.5256862044334412 110 113 119 123
class 0.32060083746910095 115 114 125 125
class 0.4494481682777405 123 115 133 129
class 0.7002533078193665 51 128 62 139
class 0.7288380265235901 72 123 83 135
class 0.5387204885482788 83 125 92 138
class 0.563033401966095 131 127 140 138
class 0.4349871575832367 139 125 151 139
class 0.6492714881896973 143 123 153 135
class 0.601536214351654 78 136 88 147
class 0.3096882998943329 81 134 92 147
class 0.6844936609268188 144 137 153 148
class 0.55460524559021 184 131 196 144
class 0.32205504179000854 27 147 40 162
class 0.6089175343513489 179 149 190 161
class 0.3590627908706665 15 163 27 176
class 0.43412426114082336 39 164 51 177
class 0.6402574181556702 166 185 177 197
class 0.6423474550247192 175 185 184 196
