class 0.8818787932395935 31 1 42 10
class 0.869045615196228 59 0 70 11
class 0.3363324999809265 113 4 123 11
class 0.3347060978412628 112 6 122 17
class 0.4913882911205292 25 17 36 30
class 0.6354663968086243 74 16 84 29
class 0.731766402721405 130 17 140 29
class 0.6703446507453918 161 17 171 31
class 0.5560026168823242 174 23 182 35
class 0.41291800141334534 172 20 186 31
class 0.6417850255966187 50 27 59 40
class 0.7793973088264465 87 28 96 40
class 0.49325576424598694 169 27 182 39
class 0.6680405735969543 6 38 16 49
class 0.5757589340209961 193 43 199 54
class 0.771210789680481 174 47 186 61
class 0.7513647675514221 69 84 81 98
class 0.33808234333992004 128 86 138 98
class 0.6851563453674316 19 94 30 107
class 0.6816726326942444 119 92 130 102
class 0.6668911576271057 127 92 137 102
class 0.37327441573143005 123 92 134 105
class 0.6202096343040466 174 90 183 103
class 0.5930203199386597 167 106 176 118
class 0.5960985422134399 57 114 67 127
class 0.5479057431221008 94 116 105 130
class 0.3980277478694916 0 124 0 137
class 0.7015026211738586 43 128 54 140
class 0.6548406481742859 154 132 164 147
class 0.6615859866142273 176 138 186 150
class 0.6173701882362366 127 149 136 161
class 0.4544925391674042 172 144 182 156
class 0.535057008266449 60 153 70 164
class 0.7334386706352234 167 159 178 172
class 0.6562879681587219 14 164 25 176
class 0.6583291292190552 87 166 99 178
class 0.6532894968986511 182 166 191 177
class 0.8346041440963745 0 176 6 187
class 0.6602752208709717 23 176 34 187
class 0.5695480704307556 64 176 74 189
class 0.622248113155365 124 178 134 191
class 0.7459080815315247 183 193 192 199
