class 0.4202781617641449 46 0 55 5
class 0.6994872093200684 50 1 59 8
class 0.8228351473808289 157 0 166 6
class 0.8456072807312012 176 0 187 6
class 0.6789055466651917 116 5 129 18
class 0.6613699793815613 10 15 21 29
class 0.5776870846748352 36 24 45 35
class 0.669099748134613 62 20 71 31
class 0.665887176990509 69 27 79 40
class 0.6407868266105652 93 32 102 45
class 0.5336236953735352 151 28 159 38
class 0.7721232771873474 46 37 56 51
class 0.6860402226448059 82 44 92 56
class 0.5579861402511597 151 59 161 72
class 0.7853479981422424 2 73 9 85
class 0.3190058171749115 13 73 24 87
class 0.4351256489753723 23 70 35 83
class 0.44212278723716736 155 77 164 89
class 0.3252647817134857 2 80 7 91
class 0.46776965260505676 11 79 20 93
class 0.5468659996986389 38 86 48 99
class 0.6959970593452454 4 106 12 119
class 0.4305041432380676 7 106 16 118
class 0.5647391080856323 181 108 191 120
class 0.7187148332595825 109 111 118 123
class 0.6505572199821472 92 122 101 132
class 0.7092245221138 182 127 191 139
class 0.5360147356987 14 137 24 148
class 0.5255932807922363 189 137 199 149
class 0.5993639230728149 43 149 54 161
class 0.6822677850723267 67 145 76 156
class 0.58310866355896 97 152 109 166
class 0.6162072420120239 147 153 158 166
class 0.5979875326156616 68 174 77 186
class 0.43506520986557007 191 181 199 193
class 0.5545779466629028 196 183 199 193
class 0.6629725694656372 40 184 51 197
class 0.5657749176025391 120 188 130 198
