class 0.6293102502822876 64 12 75 23
class 0.5586786270141602 41 18 51 31
class 0.560805082321167 174 23 184 34
class 0.5643366575241089 108 31 118 42
class 0.3977985084056854 142 34 150 47
class 0.4246337115764618 3 55 8 66
class 0.7234694361686707 154 48 165 61
class 0.7116445302963257 186 48 196 60
class 0.7522209882736206 2 63 12 75
class 0.3635632395744324 6 61 18 74
class 0.5320849418640137 24 58 35 71
class 0.5626164674758911 55 66 66 78
class 0.619491696357727 59 65 70 75
class 0.5898718237876892 3 69 11 81
class 0.6013004183769226 52 69 61 81
class 0.6943780779838562 70 75 80 86
class 0.48677393794059753 104 76 114 88
class 0.5863147377967834 191 77 199 88
class 0.4489944875240326 42 83 51 93
class 0.4007810652256012 103 82 112 93
class 0.5701690316200256 128 79 139 92
class 0.6750360131263733 145 86 155 97
class 0.6675099730491638 94 92 106 104
class 0.758285403251648 189 92 199 104
class 0.5615808367729187 162 105 172 119
class 0.7113457918167114 99 113 108 125
class 0.5497856140136719 175 118 184 130
class 0.7288852334022522 120 126 130 138
class 0.776886522769928 38 138 49 151
class 0.7538614869117737 57 134 67 145
class 0.5617737174034119 97 146 108 157
class 0.5400424003601074 103 146 115 158
class 0.7091829776763916 30 152 41 164
class 0.6520085334777832 56 153 68 165
class 0.6016036868095398 97 163 110 176
class 0.6725460886955261 31 175 40 187
class 0.6566007733345032 178 179 188 192
class 0.4688446521759033 181 181 191 191
class 0.6470036506652832 12 186 22 199
