class 0.7985438704490662 18 1 28 10
class 0.8408081531524658 102 2 111 14
class 0.3083905577659607 118 0 127 4
class 0.7478973269462585 130 0 139 7
class 0.7730398178100586 133 0 142 8
class 0.49233707785606384 73 20 83 31
class 0.49872004985809326 127 23 140 35
class 0.6727567911148071 146 24 155 35
class 0.5632795691490173 22 34 33 48
class 0.5350893139839172 66 34 76 48
class 0.5794848799705505 98 28 108 40
class 0.6784546971321106 120 31 130 44
class 0.5068812966346741 133 26 142 40
class 0.5829678773880005 171 38 181 50
class 0.6784590482711792 1 55 8 67
class 0.5875847935676575 86 51 96 63
class 0.791283905506134 81 54 90 65
class 0.48280462622642517 89 48 101 60
class 0.7163612842559814 0 58 6 70
class 0.5890592336654663 11 71 20 84
class 0.384924054145813 46 70 57 82
class 0.6634690165519714 87 68 97 81
class 0.5067829489707947 176 74 184 85
class 0.39869174361228943 38 85 47 97
class 0.3661603331565857 172 84 182 96
class 0.6456749439239502 71 105 82 117
class 0.6223099827766418 133 102 142 114
class 0.6959733963012695 112 118 121 129
class 0.6089681386947632 132 113 143 126
class 0.5227086544036865 162 115 172 128
class 0.7826334238052368 151 136 162 148
class 0.7076244354248047 65 145 77 157
class 0.6305396556854248 10 159 21 172
class 0.4527503550052643 178 160 188 171
class 0.4290120005607605 182 160 192 173
class 0.7126729488372803 155 165 164 176
class 0.7315706014633179 178 166 188 178
class 0.7230722904205322 187 169 199 182
class 0.3177550733089447 194 171 199 182
class 0.3560066223144531 186 173 196 181
class 0.6043952703475952 145 174 154 186
class 0.4823859930038452 165 180 176 191
class 0.7104443311691284 31 186 41 197
class 0.6996809840202332 50 187 61 199
class 0.6705586314201355 84 186 94 198
