class 0.8566638827323914 21 3 31 14
class 0.6493360996246338 56 1 67 7
class 0.3567570447921753 62 1 71 4
class 0.8389618992805481 62 2 73 11
class 0.6076828837394714 68 8 76 19
class 0.6316409111022949 5 18 19 30
class 0.5355023145675659 11 20 19 27
class 0.303132027387619 142 22 150 34
class 0.4769042432308197 105 31 114 42
class 0.3530419170856476 114 43 123 56
class 0.3841875195503235 118 45 127 55
class 0.5201514363288879 175 44 186 55
class 0.6148055195808411 21 53 30 65
class 0.5638513565063477 169 62 183 73
class 0.5674510598182678 174 70 186 82
class 0.7867480516433716 109 85 120 96
class 0.4110826253890991 158 87 171 98
class 0.47786128520965576 170 82 182 92
class 0.7995032668113708 0 95 6 107
class 0.8390254974365234 1 103 7 117
class 0.7317764163017273 54 101 63 113
class 0.4529910981655121 130 101 140 113
class 0.6893141269683838 79 121 91 135
class 0.5031993985176086 119 137 131 149
class 0.5593088269233704 126 134 139 146
class 0.5899328589439392 152 133 161 144
class 0.5920472145080566 36 146 46 158
class 0.6344524025917053 171 142 182 156
class 0.620975911617279 98 153 108 166
class 0.4184602200984955 165 157 176 170
class 0.6412795186042786 176 155 188 170
class 0.6946622729301453 182 158 192 169
class 0.5973058938980103 112 166 121 179
class 0.6860499382019043 180 168 190 181
class 0.39497971534729004 184 168 195 180
class 0.4889335334300995 152 182 160 193
class 0.6902564764022827 20 190 30 199
class 0.5368958115577698 91 185 102 197
class 0.549008309841156 184 190 193 199
