class 0.8501033782958984 0 2 5 12
class 0.6420725584030151 112 2 122 13
class 0.6089639067649841 74 8 82 20
class 0.6287556886672974 181 12 192 24
class 0.6118343472480774 51 26 62 39
class 0.7006738781929016 29 41 40 54
class 0.648406982421875 95 40 104 52
class 0.6577008962631226 119 38 131 49
class 0.4451708197593689 125 38 136 50
class 0.6845009326934814 48 47 60 63
class 0.5819242596626282 62 48 72 60
class 0.882212221622467 0 61 8 74
class 0.7023987174034119 23 66 34 78
class 0.5032113790512085 81 65 90 77
class 0.6384472250938416 175 60 184 74
class 0.5791125297546387 54 75 67 87
class 0.6348478198051453 170 71 183 87
class 0.6631165742874146 75 79 86 91
class 0.7105574607849121 91 84 102 97
class 0.8135543465614319 190 86 199 99
class 0.5534138083457947 171 95 183 111
class 0.5622223615646362 158 103 166 114
class 0.6038795709609985 183 104 192 114
class 0.4419688880443573 155 121 161 127
class 0.8155096173286438 2 127 13 140
class 0.4457860291004181 102 131 109 139
class 0.6068578958511353 112 123 122 134
class 0.5039519667625427 18 137 26 147
class 0.41318976879119873 10 150 20 160
class 0.7239609956741333 15 157 24 169
class 0.7100464105606079 85 153 95 167
class 0.8382306694984436 0 166 7 176
class 0.4489155411720276 56 191 67 199
class 0.5153857469558716 142 192 153 199
class 0.6311450600624084 182 191 192 199
