class 0.9004387855529785 2 2 11 15
class 0.6161082983016968 119 6 130 19
class 0.6780812740325928 31 18 42 30
class 0.6401339769363403 74 18 85 32
class 0.6015989780426025 82 16 94 30
class 0.5662202835083008 120 30 130 42
class 0.5545459985733032 135 43 147 55
class 0.6781743764877319 181 41 191 52
class 0.43654581904411316 177 43 186 53
class 0.4752269685268402 186 41 195 51
class 0.7003316879272461 75 51 86 64
class 0.5333935022354126 59 65 69 78
class 0.6151107549667358 35 96 47 110
class 0.4300442039966583 165 95 175 108
class 0.5799533128738403 186 97 196 110
class 0.42636409401893616 18 107 27 119
class 0.7310530543327332 9 116 21 128
class 0.307153582572937 8 120 16 128
class 0.632617175579071 44 118 55 130
class 0.7680642008781433 4 122 12 134
class 0.7087644934654236 34 124 45 136
class 0.4055241346359253 40 121 49 133
class 0.6211283802986145 106 122 117 135
class 0.314826637506485 113 124 123 138
class 0.49667200446128845 172 121 181 134
class 0.6036943197250366 59 138 70 152
class 0.5573561787605286 184 138 196 150
class 0.6696338653564453 70 155 82 168
class 0.6948596239089966 93 156 103 167
class 0.635065495967865 119 165 129 177
class 0.6225014925003052 27 175 38 189
class 0.7103013396263123 108 180 120 193
class 0.5758569836616516 122 179 132 192
class 0.6580376625061035 26 189 38 199
class 0.33081215620040894 30 192 41 199
class 0.5792990326881409 69 186 79 197
class 0.5629634857177734 190 188 199 197
