class 0.838416576385498 14 1 23 10
class 0.8939712047576904 124 0 135 8
class 0.6106154322624207 37 13 45 25
class 0.5723415613174438 74 23 85 36
class 0.8315237760543823 0 29 6 39
class 0.616139829158783 74 28 87 42
class 0.6102870106697083 161 30 171 42
class 0.5352762341499329 114 44 125 56
class 0.7182496786117554 34 48 45 60
class 0.5042661428451538 132 55 143 67
class 0.7803159952163696 191 53 199 67
class 0.5689677596092224 97 61 108 72
class 0.576190710067749 154 60 164 72
class 0.5673995018005371 154 76 163 88
class 0.5794993042945862 109 86 120 97
class 0.5738704204559326 145 78 156 92
class 0.5687000751495361 177 87 186 98
class 0.6698545217514038 41 93 52 105
class 0.5231120586395264 162 92 172 104
class 0.6470701098442078 53 107 62 119
class 0.6400177478790283 151 108 160 119
class 0.45952272415161133 2 119 7 131
class 0.4645124077796936 51 111 60 123
class 0.7384641766548157 126 111 139 125
class 0.8087503910064697 3 123 11 135
class 0.444007933139801 7 126 18 139
class 0.5234447717666626 95 121 108 135
class 0.5780091285705566 117 129 126 141
class 0.5081953406333923 111 128 122 141
class 0.6098726987838745 122 127 133 140
class 0.6278613805770874 184 127 196 139
class 0.4398300051689148 8 132 19 145
class 0.5923625826835632 70 133 80 144
class 0.5912774205207825 164 132 173 145
class 0.5535303354263306 16 144 28 158
class 0.49784544110298157 102 147 112 160
class 0.6961989998817444 71 154 81 166
class 0.5627486705780029 112 155 122 167
class 0.5041958689689636 166 170 178 183
class 0.6776456236839294 67 174 77 186
class 0.5463635921478271 98 174 109 187
class 0.691524863243103 41 186 50 197
class 0.6557689905166626 149 186 159 198
