class 0.7925737500190735 35 0 45 9
class 0.33652985095977783 39 2 48 9
class 0.8795427083969116 83 0 93 9
class 0.6118565797805786 37 7 49 19
class 0.6459474563598633 109 7 119 18
class 0.5117113590240479 52 24 62 36
class 0.6583295464515686 147 23 158 35
class 0.7215536236763 144 37 153 49
class 0.6025128364562988 13 60 23 72
class 0.7028369307518005 130 65 140 76
class 0.34893202781677246 137 65 146 76
class 0.7857532501220703 145 60 156 72
class 0.6706523299217224 67 71 77 82
class 0.38292741775512695 70 74 80 86
class 0.8570370078086853 150 75 160 88
class 0.3271523416042328 153 75 166 85
class 0.5696570873260498 165 71 173 82
class 0.7297769784927368 192 69 199 81
class 0.7003556489944458 72 79 84 92
class 0.6820087432861328 69 95 79 108
class 0.5224917531013489 120 94 130 106
class 0.5914685726165771 123 95 134 109
class 0.7299712896347046 129 105 139 117
class 0.6668732762336731 133 102 144 114
class 0.5841922163963318 109 118 119 131
class 0.7472701668739319 142 113 157 129
class 0.34612569212913513 145 109 162 126
class 0.655521810054779 165 116 175 127
class 0.5528532266616821 3 128 12 142
class 0.5672298669815063 123 124 134 138
class 0.7200894951820374 171 125 183 137
class 0.5546724200248718 34 135 44 148
class 0.8394349813461304 0 149 6 162
class 0.5020769238471985 43 146 53 160
class 0.4022052586078644 161 144 170 156
class 0.6676567792892456 67 155 77 166
class 0.4366896450519562 85 156 96 169
class 0.6292574405670166 29 180 40 191
class 0.7126177549362183 52 175 62 188
class 0.4797532558441162 129 179 140 190
class 0.650000274181366 127 189 138 199
