class 0.864571213722229 0 0 6 10
class 0.8037383556365967 17 3 28 13
class 0.550366997718811 38 2 47 14
class 0.7393900156021118 134 0 144 6
class 0.7247762680053711 54 9 66 22
class 0.7483256459236145 64 11 75 24
class 0.5926631093025208 88 7 97 20
class 0.5834801197052002 120 6 129 17
class 0.6707096099853516 186 7 196 17
class 0.5997264385223389 60 21 70 33
class 0.5874135494232178 36 27 46 39
class 0.5288116335868835 67 44 78 57
class 0.30825191736221313 72 41 82 54
class 0.3161039650440216 77 42 86 55
class 0.5807687640190125 84 38 95 51
class 0.6655344367027283 75 54 86 65
class 0.37817585468292236 109 51 120 62
class 0.748204231262207 108 61 118 73
class 0.7011258006095886 193 66 199 77
class 0.7727668881416321 91 69 103 81
class 0.5669679045677185 91 85 100 97
class 0.6019103527069092 154 81 165 92
class 0.643139660358429 169 82 179 94
class 0.6881963610649109 80 90 91 101
class 0.72664475440979 171 88 182 103
class 0.7317739129066467 21 115 31 127
class 0.6361583471298218 77 118 87 131
class 0.7208846211433411 7 123 17 135
class 0.5525603890419006 114 128 122 141
class 0.6814500689506531 120 136 128 149
class 0.6003514528274536 138 139 149 151
class 0.6113836169242859 67 146 77 158
class 0.8476911783218384 192 157 199 169
class 0.6896579265594482 128 163 139 177
class 0.7574155330657959 192 177 199 188
class 0.49829229712486267 98 192 109 199
class 0.6518145203590393 138 187 148 199
class 0.6422203779220581 167 186 178 197
