class 0.8771312236785889 18 0 28 7
class 0.4803667366504669 54 4 66 14
class 0.7371262907981873 124 0 133 4
class 0.6431037187576294 91 8 101 18
class 0.7421764731407166 93 19 105 34
class 0.670788049697876 15 33 24 45
class 0.528367280960083 17 28 27 40
class 0.662163257598877 101 30 110 43
class 0.5207262635231018 145 32 156 44
class 0.5323888659477234 144 36 152 45
class 0.7387940883636475 153 29 164 40
class 0.7534692287445068 190 27 198 39
class 0.6045417189598083 45 55 55 66
class 0.33378297090530396 98 54 107 68
class 0.6897780895233154 121 53 133 65
class 0.5029327869415283 75 57 87 71
class 0.6454006433486938 93 60 103 72
class 0.7606089115142822 191 77 199 88
class 0.6152478456497192 14 85 24 96
class 0.6522979736328125 33 80 43 92
class 0.33749091625213623 162 86 172 100
class 0.6162489056587219 22 95 31 106
class 0.6618615984916687 43 93 53 104
class 0.7216758131980896 176 93 187 104
class 0.5048704147338867 46 117 57 131
class 0.6340658664703369 136 112 146 124
class 0.6786215305328369 178 111 190 123
class 0.5646212100982666 179 140 189 151
class 0.5658724308013916 52 142 63 154
class 0.49406343698501587 144 147 152 158
class 0.8194037079811096 0 155 7 166
class 0.7366657853126526 105 153 117 166
class 0.6183323860168457 186 160 196 172
class 0.6152496933937073 120 163 133 176
class 0.7230981588363647 145 177 155 188
class 0.42168036103248596 160 178 171 191
class 0.3322235345840454 155 179 166 190
class 0.6487473845481873 165 180 174 191
class 0.6478980779647827 63 191 73 199
class 0.4830624759197235 150 185 158 197
