class 0.760003924369812 38 1 48 13
class 0.5959378480911255 88 0 98 5
class 0.8384789824485779 143 0 154 8
class 0.7924062013626099 164 1 175 13
class 0.6636795997619629 192 9 199 20
class 0.4794919788837433 16 24 24 35
class 0.4649413526058197 16 30 24 39
class 0.7562481760978699 22 33 31 44
class 0.3483000695705414 19 33 26 41
class 0.6791505813598633 35 38 44 49
class 0.5993940830230713 160 41 173 54
class 0.3544032871723175 92 56 102 66
class 0.6932791471481323 109 49 120 61
class 0.6376064419746399 161 48 172 61
class 0.602557361125946 24 65 36 77
class 0.7849025130271912 97 60 107 71
class 0.4114062786102295 91 57 105 76
class 0.6571048498153687 133 58 143 70
class 0.769295871257782 171 58 181 72
class 0.6945799589157104 72 75 83 86
class 0.553930938243866 99 86 109 96
class 0.6296733021736145 161 87 172 98
class 0.8574472069740295 1 97 10 107
class 0.42407384514808655 36 118 46 131
class 0.517690122127533 15 124 25 137
class 0.5281398296356201 19 127 28 139
class 0.60981285572052 20 136 29 147
class 0.5958160758018494 51 134 62 145
class 0.6246570348739624 118 136 129 148
class 0.42153802514076233 112 138 123 146
class 0.5845015645027161 177 144 187 157
class 0.4880342483520508 67 170 77 182
class 0.5313347578048706 96 165 106 176
class 0.6420836448669434 154 168 164 181
class 0.7443804144859314 173 165 182 177
class 0.509427547454834 176 165 186 175
class 0.5803787708282471 181 164 190 176
class 0.5946112275123596 36 175 45 187
class 0.6205151081085205 120 176 130 187
class 0.8186949491500854 192 174 199 188
class 0.5143458247184753 16 188 26 198
class 0.4267883896827698 52 193 62 199
class 0.6894652247428894 58 187 68 197
class 0.6237934827804565 80 186 90 196
class 0.6927491426467896 107 187 118 198
class 0.6708225011825562 124 192 134 199
