class 0.9019309282302856 1 0 9 11
class 0.7608513236045837 83 0 93 6
class 0.6827779412269592 14 8 25 20
class 0.624203085899353 52 15 64 30
class 0.5189602971076965 15 33 26 45
class 0.6486552357673645 92 27 102 40
class 0.6937879920005798 135 26 145 38
class 0.7334886789321899 66 38 76 50
class 0.6607391238212585 81 44 90 56
class 0.6215212345123291 127 39 138 53
class 0.8510116338729858 3 50 12 61
class 0.5680790543556213 57 54 68 66
class 0.49311479926109314 174 52 183 64
class 0.5895285606384277 138 64 150 77
class 0.6136982440948486 46 72 57 85
class 0.753650963306427 81 75 90 89
class 0.585247814655304 5 78 16 92
class 0.6576554179191589 182 80 192 92
class 0.5219036936759949 19 91 29 102
class 0.7547916173934937 98 102 108 115
class 0.6377224922180176 117 104 127 117
class 0.6545038223266602 87 110 98 123
class 0.6127939820289612 175 117 184 130
class 0.6919944286346436 122 122 133 135
class 0.7222579121589661 149 128 160 141
class 0.6338353157043457 182 127 192 139
class 0.5465106964111328 79 147 87 160
class 0.3545011281967163 82 148 91 158
class 0.6833721399307251 82 158 92 170
class 0.6436172127723694 158 159 169 172
class 0.6060277819633484 39 166 48 181
class 0.42054885625839233 158 166 169 179
class 0.356564462184906 156 172 166 180
class 0.6700175404548645 9 181 20 193
class 0.629061758518219 48 174 58 187
class 0.5421320199966431 121 179 132 191
class 0.5199634432792664 27 185 37 195
class 0.6931295990943909 176 186 186 197
class 0.4599156677722931 180 187 191 198
class 0.7840294241905212 187 188 196 199
