class 0.814714252948761 3 3 11 14
class 0.4740045964717865 18 13 27 24
class 0.6459822654724121 64 7 74 17
class 0.6109193563461304 139 8 151 21
class 0.7013530731201172 151 7 161 19
class 0.6612266302108765 170 12 180 25
class 0.5820677280426025 52 23 61 34
class 0.5700394511222839 70 32 80 47
class 0.5909241437911987 141 34 151 46
class 0.6795021295547485 165 33 178 47
class 0.7096867561340332 193 34 199 44
class 0.6014896035194397 56 45 65 55
class 0.7109375 97 45 109 58
class 0.47651559114456177 50 56 57 68
class 0.6378121376037598 130 49 141 59
class 0.7849137187004089 0 58 8 71
class 0.7142263650894165 159 64 170 78
class 0.6356049180030823 63 76 73 88
class 0.7075226306915283 160 84 170 96
class 0.5397315621376038 109 96 121 111
class 0.7740970253944397 189 96 197 109
class 0.3452092707157135 193 96 198 108
class 0.8081097602844238 1 103 10 115
class 0.591333270072937 182 106 193 119
class 0.5446082353591919 18 113 28 123
class 0.577111542224884 80 115 89 126
class 0.6740187406539917 117 114 127 127
class 0.3129976689815521 112 112 123 125
class 0.5586768984794617 126 117 136 130
class 0.5709931254386902 123 119 132 129
class 0.5137936472892761 186 110 195 124
class 0.6403376460075378 61 132 71 144
class 0.41957640647888184 147 140 158 152
class 0.6137077212333679 91 148 101 163
class 0.6262341141700745 161 150 170 162
class 0.7755420207977295 191 159 199 170
class 0.5389216542243958 44 164 57 178
class 0.631256639957428 95 164 106 180
class 0.8665032386779785 0 179 6 192
class 0.5976647138595581 51 189 62 199
class 0.6222306489944458 127 187 137 198
