class 0.8362847566604614 59 0 69 7
class 0.5791789293289185 119 2 129 10
class 0.4427427649497986 123 2 133 11
class 0.6288561820983887 175 3 184 13
class 0.6782779693603516 32 12 42 23
class 0.5749017000198364 78 7 88 19
class 0.6921700239181519 118 11 129 24
class 0.4236585795879364 129 6 139 21
class 0.39068305492401123 134 8 144 21
class 0.6563602685928345 36 28 45 41
class 0.585986852645874 113 28 122 40
class 0.6796512603759766 78 37 89 50
class 0.7927942276000977 113 48 125 61
class 0.6474893093109131 10 59 21 71
class 0.6094536781311035 32 58 40 71
class 0.5453292727470398 35 76 45 89
class 0.7955791354179382 109 73 120 87
class 0.6113091707229614 98 87 108 98
class 0.669552206993103 143 81 154 95
class 0.5849595069885254 179 80 189 92
class 0.6662253737449646 63 90 73 102
class 0.6815910339355469 138 95 149 106
class 0.6038466095924377 194 96 199 108
class 0.6806294918060303 116 115 127 127
class 0.8678740859031677 3 127 13 139
class 0.6106410026550293 25 125 35 136
class 0.5681263208389282 119 127 130 140
class 0.6631003022193909 154 122 165 135
class 0.6100021600723267 129 137 140 150
class 0.6071485877037048 138 137 151 150
class 0.4068906307220459 0 145 4 158
class 0.5176713466644287 88 143 99 155
class 0.4074181020259857 25 154 36 166
class 0.4333837330341339 76 161 87 172
class 0.6176806092262268 53 165 63 178
class 0.6376361846923828 90 167 101 179
class 0.3998783528804779 181 169 192 182
class 0.5696771144866943 34 176 43 189
class 0.6446355581283569 64 191 74 199
class 0.6032624244689941 148 186 158 197
class 0.6140696406364441 180 187 190 197
