class 0.7766767144203186 112 0 123 6
class 0.8598663210868835 1 23 8 35
class 0.5600172877311707 34 22 43 34
class 0.7368744015693665 2 30 9 44
class 0.7575706243515015 94 33 104 45
class 0.7377960085868835 144 33 154 46
class 0.6270887851715088 172 27 183 40
class 0.6783181428909302 62 39 72 52
class 0.5173467993736267 21 48 31 60
class 0.6449345946311951 125 55 138 68
class 0.6121690273284912 39 59 49 70
class 0.45931437611579895 130 75 139 88
class 0.40218713879585266 133 70 145 82
class 0.3146514892578125 142 68 154 80
class 0.7284641265869141 182 69 193 83
class 0.7078283429145813 187 83 197 96
class 0.714931845664978 171 99 183 115
class 0.4847728908061981 28 113 38 126
class 0.6683484315872192 139 112 150 123
class 0.6218631267547607 181 119 191 130
class 0.5778929591178894 91 123 100 137
class 0.5892611742019653 8 132 19 144
class 0.7037612795829773 108 138 119 152
class 0.46809816360473633 56 146 66 162
class 0.5270625352859497 146 147 156 160
class 0.3710039258003235 16 153 24 164
class 0.48251742124557495 49 154 60 165
class 0.3684576749801636 106 160 116 173
class 0.7908350825309753 192 159 199 172
class 0.5362442135810852 57 168 64 178
class 0.4047858715057373 78 172 87 182
class 0.5310540795326233 31 179 41 191
class 0.49971306324005127 35 181 43 191
class 0.4740787148475647 93 178 103 190
class 0.6583089232444763 175 185 185 197
