class 0.8374939560890198 150 1 160 12
class 0.6604817509651184 136 8 146 21
class 0.5076481699943542 15 18 25 28
class 0.6882387399673462 73 21 84 34
class 0.45668402314186096 121 22 132 36
class 0.40425968170166016 140 23 151 37
class 0.5204859375953674 25 30 35 40
class 0.7313195466995239 48 34 61 45
class 0.6428043246269226 62 29 71 40
class 0.6760332584381104 71 29 81 40
class 0.6970654726028442 175 34 185 43
class 0.762764573097229 4 42 12 55
class 0.6077731847763062 19 44 30 56
class 0.6375510692596436 165 40 177 52
class 0.7954602837562561 3 53 12 67
class 0.5866012573242188 46 53 56 65
class 0.7021159529685974 103 60 114 76
class 0.668738842010498 193 59 199 71
class 0.5475557446479797 8 90 18 102
class 0.5756436586380005 18 90 28 102
class 0.5509131550788879 116 112 127 124
class 0.5702109932899475 23 123 35 136
class 0.513216495513916 33 124 43 138
class 0.6528182029724121 39 124 48 135
class 0.6847350001335144 75 128 85 139
class 0.640903651714325 150 120 161 133
class 0.4927358031272888 168 128 181 141
class 0.8102341294288635 2 134 11 144
class 0.5652632117271423 175 141 186 154
class 0.472495436668396 42 158 52 170
class 0.575934886932373 143 154 155 169
class 0.3750896453857422 159 151 168 166
class 0.48653343319892883 78 180 88 192
class 0.7965546250343323 0 192 8 199
class 0.6603266596794128 97 186 107 197
class 0.5341919660568237 128 191 139 199
class 0.4878012537956238 151 191 165 199
