class 0.5185146927833557 79 12 90 24
class 0.6526943445205688 191 13 199 26
class 0.6055039763450623 73 21 84 32
class 0.5675724744796753 175 23 184 34
class 0.5524479150772095 134 27 144 40
class 0.7036044597625732 4 39 14 50
class 0.7067696452140808 178 39 188 50
class 0.6106009483337402 35 49 46 61
class 0.7030003070831299 108 50 120 64
class 0.6442419290542603 8 61 18 74
class 0.40572524070739746 98 59 107 71
class 0.38307860493659973 104 60 115 71
class 0.3180773854255676 130 58 140 69
class 0.6665220856666565 157 90 167 102
class 0.6245178580284119 170 101 180 114
class 0.8278944492340088 2 128 12 139
class 0.6614071726799011 46 125 56 138
class 0.48454204201698303 88 127 98 138
class 0.626231849193573 123 122 133 135
class 0.6000193953514099 15 138 25 151
class 0.7553604245185852 54 138 65 151
class 0.6330840587615967 171 132 181 144
class 0.6623802781105042 105 147 113 158
class 0.6119028329849243 118 144 128 157
class 0.7386839389801025 49 153 58 165
class 0.5418953895568848 144 153 157 165
class 0.40389683842658997 166 152 178 165
class 0.6142638921737671 31 171 40 182
class 0.4678117334842682 77 162 88 176
class 0.5157180428504944 101 168 112 178
class 0.4345526695251465 110 179 118 189
class 0.37274613976478577 131 174 143 185
class 0.6139278411865234 25 190 38 199
class 0.6489652395248413 101 187 112 197
class 0.3444916605949402 105 189 116 197
class 0.5981735587120056 182 190 192 199
