class 0.5270307064056396 97 4 108 14
class 0.6718190312385559 119 2 130 13
class 0.6177297830581665 38 13 48 23
class 0.46359285712242126 19 17 27 30
class 0.3149339258670807 22 19 31 32
class 0.6083899736404419 29 21 40 33
class 0.7890664935112 0 37 5 49
class 0.5564379692077637 44 59 55 69
class 0.7514392733573914 132 58 145 73
class 0.49059391021728516 88 75 99 85
class 0.6834065914154053 166 86 177 101
class 0.6092307567596436 181 83 192 95
class 0.7532642483711243 80 90 92 103
class 0.5165582895278931 140 96 152 108
class 0.6887945532798767 128 101 138 113
class 0.6209873557090759 175 108 185 120
class 0.43475958704948425 155 111 165 122
class 0.5842658281326294 171 114 182 128
class 0.4755440056324005 177 114 185 127
class 0.8296961784362793 2 128 11 140
class 0.6283164024353027 73 121 84 133
class 0.674482524394989 114 127 125 140
class 0.5041375160217285 179 122 189 134
class 0.7971912622451782 187 123 197 135
class 0.6458255648612976 196 134 199 148
class 0.6521023511886597 30 149 40 163
class 0.7017530202865601 68 143 77 156
class 0.6891650557518005 104 157 116 171
class 0.6994251012802124 130 158 140 170
class 0.7293398380279541 190 157 198 168
class 0.7629350423812866 51 168 61 181
class 0.7131289839744568 130 165 140 177
class 0.6663557887077332 11 175 21 190
class 0.6238718032836914 74 185 83 198
class 0.6147815585136414 108 192 119 199
class 0.7269721627235413 188 185 199 198
