class 0.375808984041214 5 0 10 5
class 0.8318010568618774 9 0 19 8
class 0.681432843208313 24 2 33 12
class 0.4175674617290497 28 1 36 10
class 0.8479146957397461 51 2 61 15
class 0.8196742534637451 74 0 84 8
class 0.8727344870567322 126 0 137 9
class 0.45856279134750366 69 12 80 25
class 0.4835415482521057 102 22 113 37
class 0.6760357618331909 148 28 157 39
class 0.6770017743110657 87 44 98 57
class 0.5348892211914062 111 37 122 53
class 0.564561665058136 98 60 107 73
class 0.38854819536209106 119 66 129 79
class 0.5912268757820129 143 59 153 69
class 0.5550981163978577 82 76 91 88
class 0.7182319164276123 141 76 150 88
class 0.6275982856750488 60 80 71 92
class 0.7106073498725891 108 85 119 98
class 0.5402123332023621 116 86 128 97
class 0.8163068890571594 0 92 6 104
class 0.7686802744865417 193 92 199 105
class 0.505264937877655 127 101 138 112
class 0.5562341809272766 23 115 34 127
class 0.7264741659164429 17 115 28 126
class 0.43328702449798584 28 113 39 125
class 0.34335920214653015 39 112 51 123
class 0.7017379403114319 54 118 65 130
class 0.7033851146697998 78 114 87 128
class 0.5621732473373413 175 117 184 130
class 0.8836541175842285 0 127 9 139
class 0.5747194886207581 139 137 151 152
class 0.6126691699028015 172 132 182 144
class 0.4239416718482971 139 143 148 154
class 0.6769648790359497 185 149 196 162
class 0.817001461982727 1 156 12 169
class 0.5940515398979187 64 155 74 169
class 0.6038393378257751 157 173 169 186
class 0.502187967300415 68 190 78 199
