class 0.5422533750534058 66 3 77 12
class 0.5025199055671692 73 2 82 11
class 0.37956809997558594 92 0 102 7
class 0.8089713454246521 126 0 138 9
class 0.6733637452125549 175 1 185 10
class 0.47564026713371277 77 8 87 18
class 0.7240897417068481 81 7 93 18
class 0.6267415881156921 166 12 177 25
class 0.6969112753868103 3 22 12 35
class 0.36439043283462524 6 23 17 34
class 0.5620925426483154 7 30 18 40
class 0.4616588056087494 11 31 21 42
class 0.659030556678772 53 29 62 42
class 0.5625188946723938 152 28 161 40
class 0.7603439092636108 158 29 168 42
class 0.6243756413459778 11 55 21 66
class 0.6297835111618042 75 54 85 66
class 0.4478267431259155 34 65 46 77
class 0.8675576448440552 0 74 12 88
class 0.5963293313980103 7 73 18 85
class 0.32895487546920776 118 87 128 100
class 0.890416145324707 0 96 8 109
class 0.5123037695884705 174 89 185 101
class 0.5080153346061707 22 101 32 113
class 0.49674752354621887 67 100 77 111
class 0.45034220814704895 99 107 109 121
class 0.5191140174865723 108 104 119 118
class 0.40472444891929626 111 102 121 114
class 0.8517360687255859 0 115 5 127
class 0.6326596140861511 132 115 142 130
class 0.5879340171813965 18 126 29 140
class 0.6497632265090942 119 121 130 134
class 0.5870199799537659 157 124 168 135
class 0.5903666615486145 9 158 19 169
class 0.6495339274406433 40 155 50 165
class 0.4121662974357605 54 159 64 171
class 0.40909305214881897 130 152 141 165
class 0.8322765827178955 2 165 10 177
class 0.6332810521125793 72 180 83 192
class 0.5351114273071289 129 180 140 195
class 0.6803455948829651 30 187 40 198
class 0.3117734491825104 98 192 110 199
class 0.5903145670890808 160 185 169 196
class 0.6422079801559448 177 189 187 199
