class 0.3313395082950592 125 2 134 8
class 0.8204832077026367 148 0 157 7
class 0.6060693860054016 127 12 137 24
class 0.6699360013008118 30 33 42 47
class 0.5804888010025024 121 29 129 40
class 0.7833405137062073 53 43 64 53
class 0.3313976526260376 112 42 123 55
class 0.7602012157440186 3 53 12 65
class 0.3806810975074768 59 51 71 63
class 0.33615368604660034 129 55 145 64
class 0.590597927570343 54 63 65 73
class 0.6994968056678772 76 62 86 74
class 0.5513381361961365 191 58 199 70
class 0.5718573331832886 169 77 180 88
class 0.36034178733825684 176 76 183 87
class 0.6438311338424683 35 84 46 96
class 0.6564309597015381 37 80 48 92
class 0.6790465712547302 78 96 88 108
class 0.6711055636405945 28 105 37 117
class 0.6887761950492859 46 101 57 113
class 0.6295123100280762 137 110 149 122
class 0.6723325252532959 175 122 184 136
class 0.44880029559135437 10 147 21 159
class 0.4487225115299225 59 143 68 154
class 0.4698987603187561 170 147 181 159
class 0.5550156831741333 15 157 25 170
class 0.7018206715583801 80 158 89 170
class 0.3831595480442047 142 153 154 167
class 0.5466176271438599 103 162 115 177
class 0.5430970191955566 60 174 70 187
class 0.6464176177978516 88 179 98 190
class 0.6721237897872925 84 186 94 198
