class 0.8511989116668701 15 1 24 11
class 0.86200350522995 30 0 40 9
class 0.6501299738883972 46 3 56 12
class 0.790367603302002 86 0 97 8
class 0.6901397705078125 166 7 175 21
class 0.6868493556976318 191 5 199 18
class 0.4786849617958069 78 15 88 28
class 0.5631331205368042 125 22 134 33
class 0.49956244230270386 91 34 100 44
class 0.5996979475021362 87 38 99 51
class 0.5431188344955444 40 50 52 61
class 0.6488547325134277 102 48 113 60
class 0.6311674118041992 22 65 34 78
class 0.5171511173248291 62 60 71 72
class 0.550931453704834 78 62 88 72
class 0.49886390566825867 139 58 150 71
class 0.6167293787002563 76 76 85 87
class 0.5303066372871399 115 70 124 80
class 0.6531060338020325 31 78 40 92
class 0.5470189452171326 78 82 87 94
class 0.4592008590698242 80 86 90 98
class 0.5411773920059204 127 79 138 93
class 0.49322283267974854 158 79 171 92
class 0.708275556564331 185 84 196 97
class 0.4766661822795868 38 97 49 109
class 0.4240235686302185 110 91 119 102
class 0.592524528503418 6 107 16 120
class 0.6030288934707642 137 107 148 119
class 0.6515716314315796 55 116 66 128
class 0.6812085509300232 87 116 100 130
class 0.6947781443595886 95 117 105 130
class 0.6468947529792786 183 118 193 131
class 0.8441240787506104 3 128 10 141
class 0.7303597331047058 66 128 79 141
class 0.6375216245651245 164 125 174 136
class 0.6239995360374451 99 136 109 147
class 0.6621882319450378 25 150 34 162
class 0.7590101957321167 191 160 199 173
class 0.5532540082931519 57 192 67 199
