class 0.8435366153717041 126 1 137 14
class 0.7561026811599731 139 2 149 12
class 0.6767213344573975 21 6 33 19
class 0.6959531307220459 149 12 160 24
class 0.3987509608268738 161 7 172 20
class 0.6314042806625366 170 6 181 19
class 0.7832261323928833 4 18 13 28
class 0.6828058362007141 105 23 116 35
class 0.6462891101837158 135 23 145 36
class 0.8572004437446594 0 30 8 42
class 0.47992604970932007 110 34 123 46
class 0.67294842004776 34 43 46 55
class 0.6380938291549683 177 44 186 55
class 0.6269005537033081 25 59 34 72
class 0.5233418345451355 27 63 38 75
class 0.6635934114456177 132 61 143 75
class 0.668270468711853 43 76 53 88
class 0.591376781463623 98 72 109 85
class 0.4998549818992615 19 80 28 91
class 0.7412855625152588 55 87 65 99
class 0.7227588891983032 90 80 101 92
class 0.7580257058143616 108 79 120 93
class 0.6892704367637634 135 89 146 102
class 0.6336867213249207 88 101 99 113
class 0.5252994894981384 121 107 133 119
class 0.598373293876648 161 107 173 119
class 0.42496979236602783 70 125 80 137
class 0.5860744714736938 192 124 199 136
class 0.37933871150016785 78 136 88 150
class 0.5532566905021667 156 136 169 148
class 0.7922007441520691 190 133 199 145
class 0.7198454737663269 179 150 189 162
class 0.3915753662586212 74 161 82 173
class 0.5286769866943359 90 160 100 172
class 0.6950646638870239 166 163 178 177
class 0.6141360998153687 119 173 130 186
class 0.44223085045814514 163 181 172 194
