class 0.4469950497150421 14 4 23 14
class 0.7388160228729248 14 8 23 19
class 0.5774362087249756 166 6 176 20
class 0.8348506093025208 2 33 11 47
class 0.3356563448905945 100 29 112 42
class 0.4770033061504364 131 44 141 54
class 0.5838894248008728 144 44 154 55
class 0.7281016707420349 40 55 50 65
class 0.821001410484314 77 65 85 76
class 0.6576693058013916 93 66 101 77
class 0.3369367718696594 95 67 106 81
class 0.5610054135322571 18 81 28 93
class 0.4516996741294861 35 94 46 107
class 0.6993796229362488 108 95 118 106
class 0.6118867993354797 147 95 158 108
class 0.571660041809082 45 101 57 114
class 0.5782155394554138 62 101 73 112
class 0.8160474896430969 0 111 8 125
class 0.640069842338562 151 113 161 126
class 0.6274253726005554 155 114 166 126
class 0.5825783610343933 61 125 72 138
class 0.6364445686340332 146 127 155 140
class 0.7625234127044678 1 132 8 144
class 0.5865029096603394 22 132 32 144
class 0.49463027715682983 28 145 37 157
class 0.5515606999397278 71 146 81 159
class 0.38189634680747986 103 149 113 163
class 0.634039580821991 187 157 197 169
class 0.30357956886291504 8 171 18 182
class 0.600066602230072 100 164 111 177
class 0.47108370065689087 143 167 154 182
class 0.7839019298553467 0 177 6 189
class 0.4553999900817871 9 176 18 187
class 0.6470931172370911 82 180 92 194
class 0.4995439350605011 130 179 141 190
class 0.5924496054649353 139 178 149 188
class 0.4821122884750366 134 182 144 192
class 0.6649680733680725 184 191 196 199
