class 0.32725825905799866 14 3 23 13
class 0.8308409452438354 43 0 54 9
class 0.7790073752403259 96 0 107 6
class 0.7860754132270813 113 0 123 8
class 0.687236487865448 13 10 23 22
class 0.5850064158439636 94 12 101 24
class 0.7728262543678284 108 9 118 21
class 0.7817742228507996 140 5 151 19
class 0.4871465861797333 48 15 58 30
class 0.49801725149154663 67 15 77 28
class 0.7695221304893494 129 16 139 30
class 0.7574476003646851 194 23 199 35
class 0.5592687129974365 32 33 41 47
class 0.3492213487625122 111 24 122 39
class 0.6272544860839844 137 34 147 47
class 0.5960974097251892 14 44 24 55
class 0.6835805773735046 34 41 44 53
class 0.6470792889595032 96 39 106 52
class 0.6559668183326721 157 43 169 55
class 0.4974965453147888 41 56 51 66
class 0.6670475602149963 170 55 180 66
class 0.7700111865997314 187 51 196 64
class 0.627685546875 177 60 187 71
class 0.6358959078788757 119 69 130 82
class 0.7200425863265991 144 85 155 97
class 0.5207685232162476 28 116 37 128
class 0.5193257927894592 96 114 107 127
class 0.31724709272384644 179 121 188 133
class 0.5353953838348389 53 138 64 149
class 0.5336623191833496 78 133 88 144
class 0.6349406242370605 141 132 151 145
class 0.459049254655838 144 136 153 147
class 0.6842425465583801 13 144 22 154
class 0.590512216091156 23 147 33 160
class 0.474380224943161 99 150 109 162
class 0.6236385107040405 62 179 72 191
class 0.5907684564590454 27 186 37 197
