class 0.8903875350952148 71 0 82 7
class 0.6951044797897339 175 3 185 13
class 0.7685339450836182 4 11 14 22
class 0.7039538621902466 25 9 35 21
class 0.6561983227729797 82 11 93 24
class 0.6573987007141113 178 12 188 22
class 0.3063924312591553 177 15 183 20
class 0.5447137951850891 56 27 66 40
class 0.7045340538024902 82 29 94 40
class 0.6009502410888672 147 27 157 39
class 0.7944806218147278 2 43 10 56
class 0.5496225357055664 23 45 34 56
class 0.7380613088607788 65 42 75 54
class 0.3194558024406433 61 40 72 56
class 0.6671463847160339 99 44 109 55
class 0.5479856133460999 66 51 77 63
class 0.7312310338020325 118 54 129 67
class 0.5685641169548035 60 59 70 71
class 0.713482141494751 96 66 106 79
class 0.7245199680328369 126 58 135 71
class 0.4281158745288849 151 65 162 77
class 0.6376848816871643 178 61 187 73
class 0.7379348874092102 187 77 196 88
class 0.7026602029800415 77 82 88 96
class 0.5266486406326294 81 84 92 97
class 0.6684242486953735 66 91 76 103
class 0.662534236907959 87 91 96 102
class 0.5674857497215271 171 94 183 107
class 0.7224607467651367 50 111 60 125
class 0.654144287109375 123 113 133 126
class 0.5180458426475525 49 125 58 136
class 0.6646435260772705 133 148 143 159
class 0.7114571928977966 168 146 178 157
class 0.44397053122520447 175 143 184 155
class 0.82962566614151 0 165 5 174
class 0.5610114336013794 61 169 71 181
class 0.6054970622062683 126 165 136 177
class 0.7151489853858948 134 165 143 177
class 0.6998430490493774 160 180 170 194
class 0.5448911786079407 21 185 31 199
class 0.6995646357536316 177 185 187 198
