class 0.7717652916908264 80 0 90 8
class 0.5816927552223206 107 12 117 24
class 0.6401386260986328 159 6 169 17
class 0.5729084610939026 182 6 192 18
class 0.6092081069946289 60 22 70 34
class 0.7130163311958313 9 28 19 40
class 0.565316915512085 136 27 146 42
class 0.8307912945747375 0 44 7 57
class 0.38924849033355713 37 43 48 56
class 0.6824914813041687 85 44 96 56
class 0.3851933777332306 4 49 11 61
class 0.6135916113853455 22 49 32 60
class 0.4045446515083313 84 51 95 64
class 0.47931766510009766 82 53 90 66
class 0.5117643475532532 178 47 187 59
class 0.6421189904212952 2 62 12 72
class 0.5527852773666382 7 59 20 72
class 0.6206589937210083 74 65 84 76
class 0.5053502321243286 192 62 199 74
class 0.5346100330352783 13 73 22 86
class 0.677842915058136 182 70 192 82
class 0.5296885371208191 15 84 24 97
class 0.6411799192428589 135 106 146 120
class 0.6835973262786865 167 106 178 117
class 0.754037082195282 188 108 197 119
class 0.6104791760444641 55 126 66 139
class 0.5032486319541931 80 122 93 132
class 0.6982695460319519 147 124 158 138
class 0.6236749291419983 154 123 164 135
class 0.7258923053741455 33 139 43 151
class 0.6895105242729187 89 138 98 149
class 0.5156964063644409 29 150 37 160
class 0.6899731755256653 52 150 62 161
class 0.47609561681747437 96 150 105 163
class 0.6764248013496399 31 156 40 167
class 0.6893578171730042 116 157 130 171
class 0.5750478506088257 128 152 140 166
class 0.5733110904693604 135 167 146 179
class 0.5430357456207275 111 180 121 193
class 0.7082098126411438 167 174 178 187
class 0.5715652704238892 35 186 45 196
class 0.3022080957889557 37 189 47 198
class 0.6948630809783936 72 186 83 198
