class 0.801018238067627 18 1 29 12
class 0.6098266839981079 46 3 56 13
class 0.7885190844535828 139 0 149 8
class 0.771173357963562 194 0 199 10
class 0.5837466716766357 10 13 20 24
class 0.6152998805046082 144 6 156 20
class 0.48708975315093994 67 23 76 37
class 0.6287063956260681 109 16 120 28
class 0.632178783416748 138 22 148 36
class 0.5408284068107605 178 17 188 27
class 0.5258114337921143 78 39 88 52
class 0.758651077747345 122 41 132 55
class 0.6610342860221863 160 54 171 66
class 0.7352043390274048 35 66 46 77
class 0.3696632385253906 132 62 142 75
class 0.4061795473098755 99 71 109 81
class 0.6210126280784607 73 86 85 97
class 0.7650680541992188 3 96 12 106
class 0.45321571826934814 38 90 48 102
class 0.6565041542053223 179 100 188 113
class 0.6359093189239502 43 115 54 128
class 0.4398360252380371 38 117 49 127
class 0.5617064833641052 55 111 65 123
class 0.5673400163650513 141 117 151 131
class 0.5074477791786194 69 132 79 143
class 0.6691678762435913 158 138 170 150
class 0.6010427474975586 84 149 97 161
class 0.5644263029098511 133 144 142 155
class 0.506909966468811 57 154 65 164
class 0.554298996925354 72 154 83 165
class 0.6084370017051697 93 155 104 166
class 0.6993752717971802 184 154 196 166
class 0.5089080333709717 27 165 38 178
class 0.4919666051864624 88 171 98 181
class 0.6187240481376648 15 177 25 189
class 0.6130451560020447 89 177 98 191
class 0.5436711311340332 152 174 161 186
class 0.6331848502159119 166 180 176 191
class 0.6748858690261841 51 191 62 199
class 0.3324686288833618 87 187 97 195
class 0.6545310020446777 167 184 178 197
