class 0.7525960206985474 37 2 50 13
class 0.6927250623703003 113 4 130 20
class 0.8661167025566101 125 3 142 22
class 0.8870841860771179 186 0 204 14
class 0.7558841109275818 286 3 298 15
class 0.35329383611679077 111 8 127 27
class 0.41055595874786377 123 10 137 25
class 0.6950837969779968 208 19 224 39
class 0.6921029686927795 72 25 88 42
class 0.6956052780151367 117 67 132 84
class 0.722805380821228 51 82 68 99
class 0.5440897345542908 84 80 100 99
class 0.7118619680404663 178 81 195 101
class 0.36311841011047363 117 94 130 112
class 0.6629367470741272 77 143 92 161
class 0.6283272504806519 164 136 179 152
class 0.6784830689430237 170 135 185 155
class 0.6218478083610535 53 152 70 170
class 0.6294606328010559 279 177 295 195
class 0.6669459342956543 20 182 37 202
class 0.4890761971473694 33 184 50 200
class 0.740769624710083 66 188 84 206
class 0.425751268863678 243 181 259 200
class 0.5289415121078491 78 207 96 228
class 0.6138901710510254 28 222 43 240
class 0.6236296892166138 66 218 82 233
class 0.6148046255111694 115 217 130 234
class 0.3395186960697174 120 222 135 240
class 0.6873190402984619 147 223 161 240
class 0.4570254981517792 210 225 228 245
class 0.34231406450271606 216 229 228 240
class 0.46341240406036377 145 230 160 247
class 0.5010247230529785 255 232 274 248
class 0.8314076662063599 1 249 12 265
class 0.7490124702453613 53 245 69 263
class 0.7004764676094055 78 252 93 269
class 0.6368204951286316 288 256 299 273
class 0.46553492546081543 132 265 147 282
class 0.6521125435829163 172 263 187 281
class 0.5539315342903137 227 270 241 288
