class 0.7926282286643982 180 1 195 14
class 0.5161851644515991 237 4 252 13
class 0.5908433198928833 248 2 268 11
class 0.7793710827827454 1 26 13 43
class 0.7161636352539062 47 28 63 46
class 0.6907052397727966 258 29 274 48
class 0.7583123445510864 287 31 299 46
class 0.7092921137809753 56 46 72 68
class 0.7125306725502014 86 50 100 70
class 0.6423206925392151 277 67 295 83
class 0.6709085702896118 40 80 59 103
class 0.6133549809455872 170 73 186 90
class 0.39273443818092346 62 97 79 120
class 0.4040569067001343 184 96 199 114
class 0.6934306621551514 261 88 276 106
class 0.5937663316726685 75 104 87 119
class 0.45015984773635864 178 112 191 127
class 0.34162089228630066 172 110 186 128
class 0.5384626388549805 148 120 165 137
class 0.7481369376182556 76 144 93 162
class 0.6643559336662292 226 141 242 161
class 0.71818608045578 257 139 271 157
class 0.6097570657730103 262 143 276 163
class 0.44335654377937317 107 181 121 202
class 0.6060453057289124 36 205 50 225
class 0.3683548867702484 82 208 97 229
class 0.5923401117324829 178 202 193 220
class 0.5150527954101562 184 206 199 226
class 0.7007400393486023 274 202 289 219
class 0.6537822484970093 0 224 5 241
class 0.3670653700828552 0 222 1 238
class 0.7700295448303223 233 214 250 232
class 0.5915570855140686 121 232 137 250
class 0.6372650861740112 161 228 179 248
class 0.7033297419548035 266 232 280 248
class 0.7200177311897278 82 247 102 265
class 0.6201197504997253 222 255 237 275
class 0.6816374659538269 247 255 263 273
class 0.6755868196487427 37 269 53 288
class 0.5744035840034485 243 261 256 280
class 0.8199720978736877 2 285 15 299
class 0.32583701610565186 92 287 104 298
class 0.45494842529296875 95 294 106 299
