class 0.8444087505340576 6 2 15 19
class 0.7864647507667542 34 2 47 20
class 0.3290456235408783 43 1 56 14
class 0.5346548557281494 203 0 216 5
class 0.5231446623802185 67 20 80 40
class 0.7852931022644043 11 31 25 48
class 0.5567283630371094 18 35 31 48
class 0.7789827585220337 34 27 53 42
class 0.6379162669181824 99 34 114 53
class 0.7132159471511841 13 47 26 65
class 0.6789728999137878 44 50 59 69
class 0.6141118407249451 101 46 114 67
class 0.691562294960022 269 45 283 62
class 0.5296503901481628 195 67 210 85
class 0.5530255436897278 228 57 242 75
class 0.5158416628837585 10 72 26 88
class 0.6336914896965027 120 71 136 91
class 0.43318837881088257 201 72 216 90
class 0.6431879997253418 254 77 273 96
class 0.6564913392066956 272 97 286 116
class 0.6639623045921326 226 105 240 123
class 0.81805419921875 3 145 18 163
class 0.562376081943512 176 138 190 154
class 0.6069111824035645 79 158 93 178
class 0.42821890115737915 209 153 228 170
class 0.35084712505340576 232 149 250 169
class 0.6289029121398926 263 155 275 173
class 0.6714235544204712 140 177 154 195
class 0.5376998782157898 264 175 277 195
class 0.7200196385383606 271 183 285 202
class 0.6799963712692261 175 198 192 216
class 0.6794406175613403 206 205 220 225
class 0.7445741295814514 271 208 286 225
class 0.5736112594604492 68 225 84 242
class 0.4056706130504608 0 241 2 256
class 0.6494261026382446 1 239 6 257
class 0.4138193130493164 204 241 217 255
class 0.36212748289108276 284 238 296 258
class 0.41792067885398865 147 246 164 264
class 0.3815961182117462 274 249 289 268
class 0.6713671088218689 126 265 142 284
class 0.7758083939552307 281 262 297 280
class 0.6610223650932312 85 279 100 296
class 0.7016422748565674 122 282 137 296
class 0.4079419672489166 124 289 138 297
class 0.3121809661388397 138 284 153 299
class 0.32251694798469543 144 287 161 299
class 0.7745562195777893 162 280 179 296
class 0.6231914758682251 194 282 210 298
