class 0.7835283875465393 113 3 128 18
class 0.6395147442817688 11 17 25 32
class 0.550318717956543 278 12 292 26
class 0.8027470111846924 1 29 13 47
class 0.5449070334434509 109 27 123 44
class 0.5677393078804016 143 35 158 54
class 0.7150598168373108 252 34 267 52
class 0.6985123753547668 43 57 60 78
class 0.6779074668884277 160 62 176 82
class 0.32664814591407776 259 61 274 79
class 0.5151717066764832 255 74 271 93
class 0.7548970580101013 148 97 163 117
class 0.37979647517204285 285 92 297 109
class 0.4737899601459503 293 92 299 111
class 0.7526153326034546 73 106 89 126
class 0.640755295753479 190 123 205 140
class 0.5829786658287048 111 145 129 165
class 0.33900120854377747 152 137 169 155
class 0.6947965025901794 21 162 35 180
class 0.6670849323272705 50 160 65 180
class 0.7030466198921204 226 154 241 173
class 0.6266686916351318 179 175 195 194
class 0.7179326415061951 250 176 266 195
class 0.5405858159065247 36 192 51 214
class 0.420017272233963 52 193 68 213
class 0.48486146330833435 211 184 227 203
class 0.31322595477104187 121 202 137 221
class 0.5582352876663208 28 221 38 238
class 0.5680923461914062 206 221 224 243
class 0.6984606981277466 222 214 237 234
class 0.6163567304611206 90 233 104 249
class 0.5834292769432068 139 240 152 257
class 0.688451886177063 218 239 233 254
class 0.7132700681686401 113 267 125 285
class 0.5109665393829346 268 268 283 287
class 0.6452097296714783 281 266 296 286
class 0.8008540272712708 1 287 12 299
class 0.5789649486541748 205 278 219 296
class 0.32362765073776245 265 284 280 297
class 0.4299674332141876 266 292 283 299
