class 0.6190832853317261 125 3 138 10
class 0.7275483012199402 170 1 183 11
class 0.305157870054245 174 15 189 30
class 0.3185841143131256 163 58 175 76
class 0.4674370586872101 255 65 269 82
class 0.6543322801589966 256 75 272 92
class 0.5871637463569641 38 99 50 116
class 0.48716017603874207 42 96 58 114
class 0.4491756856441498 91 108 108 130
class 0.3056918978691101 170 106 184 129
class 0.4799656867980957 170 137 183 157
class 0.6055701375007629 116 171 130 188
class 0.5803682208061218 120 169 138 189
class 0.37553268671035767 171 168 184 191
class 0.5187994837760925 84 192 97 209
class 0.6097599864006042 226 189 240 206
class 0.6792299151420593 31 199 44 218
class 0.3598904311656952 83 200 96 217
class 0.6288970112800598 5 219 14 238
class 0.41639232635498047 11 219 26 237
class 0.6324158906936646 251 221 266 243
class 0.3685416877269745 254 229 269 248
class 0.3538751006126404 84 255 97 271
class 0.6659485697746277 73 263 90 280
class 0.39489179849624634 235 270 247 283
class 0.3045039474964142 294 274 299 290
class 0.6541709899902344 0 281 3 295
class 0.7832040786743164 0 280 6 296
class 0.5516982674598694 1 284 2 297
class 0.30210116505622864 51 282 64 295
class 0.31084877252578735 96 284 111 297
class 0.32244056463241577 129 283 142 296
class 0.6780989766120911 169 279 182 293
class 0.3386870324611664 286 281 297 294
class 0.5919928550720215 293 280 299 295
