class 0.682144284248352 204 2 220 16
class 0.7771580815315247 255 5 268 18
class 0.5277997255325317 42 19 57 35
class 0.3717556595802307 105 21 122 34
class 0.39882490038871765 129 12 147 26
class 0.3268824517726898 205 15 221 31
class 0.6880351901054382 44 29 57 46
class 0.7198256850242615 163 33 179 50
class 0.5213949680328369 200 30 215 47
class 0.6805506348609924 94 42 110 62
class 0.6949441432952881 11 59 28 78
class 0.4621070325374603 18 63 32 78
class 0.4186287224292755 12 66 24 80
class 0.6782764196395874 180 63 195 82
class 0.34911850094795227 193 61 208 81
class 0.48480749130249023 200 59 213 78
class 0.36504584550857544 15 69 29 91
class 0.4287113547325134 22 73 35 89
class 0.6466214060783386 53 93 70 110
class 0.3155997097492218 201 89 214 109
class 0.42247843742370605 272 88 286 106
class 0.7139295935630798 90 107 105 124
class 0.4058789014816284 137 113 154 133
class 0.3825557827949524 194 113 208 127
class 0.622414231300354 152 124 167 142
class 0.6391962170600891 195 146 210 164
class 0.3043283224105835 200 152 216 172
class 0.5805239081382751 114 193 129 210
class 0.3547767400741577 162 190 179 211
class 0.4181773364543915 177 188 194 209
class 0.45049184560775757 185 184 201 202
class 0.673897385597229 93 199 107 217
class 0.42602553963661194 161 199 179 223
class 0.7794110774993896 1 222 7 238
class 0.30385062098503113 98 219 114 236
class 0.3518300950527191 156 217 169 233
class 0.5647170543670654 208 223 225 242
class 0.3801765441894531 224 224 238 243
class 0.7989922761917114 101 248 116 264
class 0.737807035446167 265 252 279 268
class 0.7357909679412842 21 262 38 282
class 0.6741986274719238 193 273 207 290
class 0.7015814185142517 217 266 230 283
