class 0.5431076884269714 20 0 32 7
class 0.7852787375450134 127 1 142 11
class 0.5457529425621033 172 1 185 9
class 0.37516242265701294 43 18 58 35
class 0.338765412569046 191 19 206 36
class 0.4997609853744507 227 20 239 34
class 0.3638274669647217 249 17 266 31
class 0.6566654443740845 38 29 52 46
class 0.3375317454338074 48 33 62 51
class 0.41740915179252625 145 27 163 43
class 0.3788537085056305 233 27 250 43
class 0.4823745787143707 240 28 256 45
class 0.337295264005661 22 48 35 62
class 0.641514003276825 52 43 67 59
class 0.573074996471405 116 48 132 64
class 0.3953101336956024 201 42 215 61
class 0.3663284182548523 179 65 196 83
class 0.4985421895980835 71 77 89 95
class 0.510016918182373 1 96 13 117
class 0.6956974864006042 14 99 30 113
class 0.43805670738220215 68 94 83 111
class 0.3883776366710663 75 89 88 109
class 0.63905268907547 222 99 238 116
class 0.3116706609725952 273 96 286 114
class 0.31897011399269104 84 110 100 127
class 0.5923070311546326 107 107 120 123
class 0.4479648768901825 163 104 181 122
class 0.5371362566947937 170 109 184 127
class 0.619485080242157 121 137 136 155
class 0.8119852542877197 0 158 15 180
class 0.6348925232887268 2 191 17 208
class 0.3654803931713104 42 182 58 204
class 0.6501671075820923 208 188 224 209
class 0.6381635665893555 99 204 117 223
class 0.6564304828643799 163 200 179 217
class 0.4467332661151886 28 221 43 240
class 0.5759326219558716 2 233 14 254
class 0.5621106624603271 210 236 226 256
class 0.40491783618927 218 239 231 254
class 0.3475363552570343 122 259 135 271
class 0.6744824051856995 136 253 152 272
class 0.46631932258605957 226 249 241 267
class 0.4351080656051636 233 254 251 271
class 0.6584303975105286 1 264 15 284
class 0.33822762966156006 162 264 179 282
class 0.37204626202583313 13 287 27 299
class 0.34582969546318054 15 295 29 299
