class 0.7879552841186523 15 4 29 19
class 0.7744616866111755 99 3 113 23
class 0.8054026365280151 141 0 155 9
class 0.8429644703865051 253 0 268 13
class 0.3958636224269867 286 0 299 7
class 0.8088437914848328 288 0 299 15
class 0.3099330961704254 140 10 154 27
class 0.710788369178772 273 19 291 39
class 0.6547821164131165 9 28 28 47
class 0.4607428312301636 19 33 32 47
class 0.3976670503616333 40 29 51 43
class 0.6200528144836426 6 44 14 63
class 0.31415310502052307 12 48 27 65
class 0.42743614315986633 252 46 264 62
class 0.6700077056884766 114 60 129 80
class 0.647291362285614 66 96 82 115
class 0.4288526177406311 56 96 77 117
class 0.5285643339157104 82 93 97 111
class 0.3405871093273163 71 94 92 112
class 0.6026697754859924 91 95 104 111
class 0.6547983288764954 255 112 272 133
class 0.7228418588638306 282 105 294 122
class 0.8450272679328918 5 120 16 137
class 0.39180365204811096 9 120 25 135
class 0.6268084645271301 156 128 171 145
class 0.49566182494163513 199 130 215 148
class 0.6170265674591064 0 145 9 162
class 0.6796538829803467 98 136 114 153
class 0.4201359748840332 90 140 107 154
class 0.39268043637275696 105 136 121 154
class 0.7044904828071594 202 142 215 158
class 0.6048138737678528 1 154 11 177
class 0.5500485897064209 90 160 105 179
class 0.6400189995765686 215 157 230 175
class 0.7375584840774536 289 154 299 172
class 0.6193816661834717 5 175 16 194
class 0.5779143571853638 10 176 28 195
class 0.39869433641433716 12 182 23 193
class 0.5699554681777954 114 176 129 193
class 0.7206713557243347 5 183 14 201
class 0.3338181674480438 16 183 30 201
class 0.6337818503379822 249 189 262 208
class 0.7456052899360657 0 206 8 225
class 0.40768855810165405 18 208 34 224
class 0.5724232196807861 94 202 107 217
class 0.4543660581111908 91 208 103 217
class 0.5793558359146118 229 235 245 253
class 0.5672286748886108 258 238 275 258
class 0.5922710299491882 180 256 195 272
class 0.6846325397491455 202 247 216 263
class 0.794151782989502 286 255 299 274
class 0.5957211256027222 194 284 210 296
class 0.5484697818756104 188 293 203 299
class 0.5214993357658386 255 285 272 299
