class 0.3101213574409485 81 0 99 2
class 0.6745731234550476 83 1 99 9
class 0.35184186697006226 92 0 107 3
class 0.7880820631980896 91 0 109 11
class 0.8525593876838684 145 1 161 17
class 0.8459461331367493 158 0 173 14
class 0.5540171265602112 239 0 257 2
class 0.6030349731445312 239 1 255 7
class 0.4889332354068756 238 0 255 1
class 0.6642642021179199 250 0 264 6
class 0.6808475852012634 250 0 267 2
class 0.6572605967521667 112 12 129 30
class 0.38791340589523315 107 19 122 35
class 0.5339678525924683 288 8 299 25
class 0.3703397810459137 0 31 1 51
class 0.41048914194107056 1 35 3 48
class 0.3001629412174225 0 35 0 47
class 0.46146512031555176 84 31 99 50
class 0.3560708165168762 97 29 114 44
class 0.5859963893890381 191 34 207 53
class 0.511604368686676 0 45 1 64
class 0.6316413283348083 1 48 5 62
class 0.37517601251602173 0 48 1 61
class 0.33154603838920593 0 47 0 58
class 0.6837359666824341 19 52 35 66
class 0.5092678666114807 68 51 83 66
class 0.41685205698013306 144 41 161 61
class 0.44125819206237793 45 64 63 79
class 0.42977479100227356 95 60 114 77
class 0.6602488160133362 254 66 275 83
class 0.4324475824832916 261 63 277 77
class 0.7711590528488159 0 78 9 94
class 0.35340574383735657 45 72 62 88
class 0.3085542321205139 130 84 146 101
class 0.4725802540779114 153 107 170 128
class 0.6996496915817261 288 105 299 122
class 0.902440071105957 162 141 178 160
class 0.7487739324569702 176 141 192 161
class 0.5448496341705322 166 136 188 169
class 0.594630777835846 181 143 204 164
class 0.8260385394096375 287 136 299 154
class 0.5526278614997864 86 151 100 170
class 0.7460560202598572 104 153 119 170
class 0.8574867248535156 166 157 187 177
class 0.8203856348991394 194 150 209 170
class 0.6754927039146423 247 159 264 181
class 0.33520498871803284 284 160 296 174
class 0.816756010055542 4 177 19 195
class 0.8188886642456055 210 168 225 185
class 0.7279171347618103 84 181 98 201
class 0.7356113195419312 199 191 217 214
class 0.8031150698661804 287 183 299 202
class 0.47007042169570923 16 209 30 228
class 0.6366347670555115 52 214 66 233
class 0.6350645422935486 209 224 226 246
class 0.5986997485160828 255 224 272 245
class 0.6190681457519531 136 230 150 249
class 0.5400236248970032 73 247 90 267
class 0.5784225463867188 221 242 240 268
class 0.6130518913269043 45 271 62 289
class 0.5149561166763306 85 279 101 293
class 0.32048672437667847 142 294 156 299
class 0.6525390148162842 245 286 261 299
