class 0.7813537120819092 69 1 82 10
class 0.6588191390037537 226 6 238 15
class 0.38825082778930664 226 17 239 34
class 0.37663769721984863 280 9 293 25
class 0.6743167638778687 222 26 238 42
class 0.7210022211074829 259 34 274 51
class 0.6989242434501648 194 51 209 70
class 0.6670511364936829 27 64 40 81
class 0.4885560870170593 59 59 72 76
class 0.3240234851837158 66 61 76 75
class 0.7072235345840454 103 66 120 83
class 0.4298577606678009 165 67 178 86
class 0.785593569278717 156 74 169 92
class 0.46922188997268677 264 81 279 96
class 0.3334932029247284 272 82 284 97
class 0.8643879890441895 1 92 15 110
class 0.606134295463562 247 90 262 110
class 0.4535825550556183 20 107 37 129
class 0.5983335971832275 18 126 33 147
class 0.35712432861328125 13 129 26 147
class 0.46510788798332214 273 130 288 148
class 0.42510682344436646 2 136 10 153
class 0.5518128275871277 62 134 75 152
class 0.3785554766654968 248 141 264 161
class 0.7581061124801636 43 154 57 171
class 0.510141909122467 188 157 201 173
class 0.30485549569129944 187 164 196 172
class 0.661964476108551 285 152 297 169
class 0.7127731442451477 153 167 169 186
class 0.7169002294540405 269 170 285 187
class 0.6499044895172119 100 191 115 209
class 0.7252472043037415 237 184 251 201
class 0.7006278038024902 163 201 179 217
class 0.7679448127746582 170 200 187 217
class 0.5413693189620972 4 217 10 235
class 0.40493491291999817 11 220 27 236
class 0.5233721733093262 64 215 79 235
class 0.3182566463947296 0 234 2 252
class 0.8138367533683777 2 234 10 251
class 0.5801076889038086 101 237 115 255
class 0.5121555328369141 104 232 119 248
class 0.48796021938323975 87 246 106 262
class 0.72905033826828 30 262 42 279
class 0.4795018434524536 69 263 83 282
class 0.6936084032058716 130 278 144 295
