class 0.6824132204055786 289 18 299 36
class 0.6450607776641846 113 32 130 51
class 0.6435284614562988 163 25 181 44
class 0.7374327182769775 19 52 31 69
class 0.6208981871604919 179 51 193 71
class 0.5461399555206299 84 66 100 84
class 0.6223459243774414 111 56 125 76
class 0.7174219489097595 154 67 171 85
class 0.48680031299591064 172 62 187 78
class 0.5479744672775269 178 60 191 79
class 0.4792783856391907 170 67 183 84
class 0.7999216914176941 261 60 278 79
class 0.6418161392211914 100 98 116 116
class 0.4501373767852783 106 92 120 110
class 0.7246788740158081 179 95 194 115
class 0.4268171787261963 96 104 107 119
class 0.552797257900238 144 115 158 131
class 0.6675242781639099 156 112 172 131
class 0.6409189701080322 257 102 272 123
class 0.5898847579956055 222 119 237 138
class 0.5773835778236389 37 144 54 162
class 0.6316719651222229 97 140 112 161
class 0.6405777335166931 280 140 297 159
class 0.5257613062858582 185 150 201 168
class 0.4021521508693695 276 154 289 175
class 0.6955082416534424 53 168 69 187
class 0.8573322892189026 281 184 298 205
class 0.6262237429618835 26 206 41 226
class 0.4980953335762024 240 210 258 228
class 0.7275081276893616 288 222 299 239
class 0.883010983467102 1 230 15 247
class 0.48544201254844666 89 238 101 256
class 0.8202193975448608 12 252 28 272
class 0.5987788438796997 149 253 164 269
class 0.4413599669933319 180 256 195 274
class 0.8178324699401855 204 250 217 267
class 0.48795899748802185 26 261 41 279
class 0.7784274220466614 183 265 198 284
class 0.6751976609230042 203 282 220 296
