class 0.7500507831573486 2 33 13 52
class 0.6454497575759888 85 32 99 49
class 0.3322223722934723 264 60 277 73
class 0.3526647686958313 192 80 208 100
class 0.35411757230758667 191 92 206 108
class 0.6008405089378357 132 112 146 128
class 0.6691734790802002 138 108 153 127
class 0.3364541530609131 170 104 187 125
class 0.5407713651657104 147 124 159 143
class 0.3526390492916107 208 141 224 159
class 0.8124896883964539 285 141 298 157
class 0.3071913421154022 258 160 273 178
class 0.38158562779426575 66 175 80 191
class 0.4155096709728241 59 171 77 194
class 0.3116355538368225 130 176 145 193
class 0.3581829071044922 67 187 83 204
class 0.4439029097557068 224 204 240 223
class 0.49343141913414 217 201 234 222
class 0.3041766881942749 19 222 38 241
class 0.46731457114219666 36 221 51 239
class 0.5859536528587341 49 219 65 236
class 0.3956143856048584 42 222 58 236
class 0.37445980310440063 140 216 155 235
class 0.5549598932266235 100 263 116 282
class 0.5151472687721252 185 258 203 279
class 0.3071334958076477 195 261 205 276
