class 0.517191469669342 131 0 145 6
class 0.7992298007011414 267 2 284 14
class 0.3775397837162018 233 15 247 30
class 0.742360532283783 268 14 287 31
class 0.414476215839386 282 16 294 29
class 0.3085611164569855 279 16 297 36
class 0.7292114496231079 219 42 232 60
class 0.3477048873901367 21 64 36 81
class 0.478746622800827 163 96 175 113
class 0.39522096514701843 167 91 187 113
class 0.311008095741272 130 128 143 145
class 0.3338157832622528 271 128 286 147
class 0.3001815378665924 84 139 99 155
class 0.6309624314308167 90 138 107 159
class 0.45877018570899963 124 137 139 157
class 0.6555073261260986 254 139 272 160
class 0.3140425980091095 250 146 261 157
class 0.4837293326854706 256 150 274 169
class 0.4801907241344452 98 172 110 188
class 0.5006267428398132 217 170 235 194
class 0.3800900876522064 22 187 38 206
class 0.4405463635921478 34 189 49 206
class 0.44871988892555237 20 202 37 225
class 0.6455550789833069 1 224 9 241
class 0.5188453197479248 132 224 145 239
class 0.5409800410270691 217 222 232 243
class 0.35876941680908203 241 226 257 240
class 0.3446137011051178 252 225 267 241
class 0.3481188118457794 20 232 36 252
class 0.3941391706466675 131 231 144 248
class 0.34800758957862854 270 249 283 264
class 0.43168413639068604 274 249 290 267
class 0.7332504391670227 281 252 297 270
class 0.41132932901382446 290 254 299 270
class 0.38480567932128906 52 260 67 280
class 0.6213253736495972 57 263 77 279
class 0.5659711956977844 170 265 183 280
class 0.7371256351470947 201 267 215 284
class 0.36424335837364197 82 285 98 298
