class 0.5402365922927856 8 2 18 13
class 0.471383661031723 13 4 22 16
class 0.7939600944519043 154 3 167 14
class 0.7909514904022217 192 1 205 11
class 0.6105951070785522 13 11 26 26
class 0.47598761320114136 18 14 34 28
class 0.5163106918334961 52 19 68 39
class 0.5542367100715637 278 18 292 35
class 0.45351624488830566 57 27 77 49
class 0.43127506971359253 66 32 83 49
class 0.631580114364624 252 33 269 54
class 0.7353460788726807 13 42 28 58
class 0.5907062888145447 178 42 196 59
class 0.5740206241607666 191 43 203 59
class 0.30648842453956604 197 61 205 81
class 0.7580728530883789 262 63 278 81
class 0.37663987278938293 195 74 205 96
class 0.3445388972759247 13 94 24 109
class 0.4115523099899292 74 113 92 133
class 0.6455737948417664 114 109 130 128
class 0.49211663007736206 107 116 120 125
class 0.4261363744735718 191 113 206 132
class 0.4737068712711334 240 114 258 133
class 0.3119415044784546 256 112 272 129
class 0.30487513542175293 263 116 278 130
class 0.4213068187236786 194 120 210 140
class 0.34138742089271545 254 119 272 136
class 0.4284932315349579 7 138 15 154
class 0.6804091334342957 9 135 25 154
class 0.5943537354469299 147 145 163 163
class 0.7250285744667053 209 142 226 164
class 0.6848347783088684 67 159 82 178
class 0.5461262464523315 281 152 295 167
class 0.609431803226471 37 166 53 186
class 0.36327290534973145 179 175 195 193
class 0.6148034930229187 187 173 201 192
class 0.6009173393249512 235 169 251 187
class 0.6123876571655273 232 177 246 193
class 0.3077099025249481 245 167 264 187
class 0.5985001921653748 85 193 99 212
class 0.702154815196991 100 220 113 239
class 0.5513209104537964 112 221 125 241
class 0.5199497938156128 106 225 120 240
class 0.6040446162223816 129 221 142 239
class 0.4448220133781433 122 220 137 242
class 0.3557582497596741 138 222 154 244
class 0.6432651281356812 5 237 12 255
class 0.5368559956550598 10 238 25 255
class 0.516041100025177 107 230 123 248
class 0.3324722945690155 130 232 147 254
class 0.5993468761444092 138 234 152 250
class 0.38766157627105713 139 241 149 254
class 0.7176210880279541 225 237 239 257
class 0.40631261467933655 3 247 10 264
class 0.5892983078956604 135 246 151 263
class 0.7841313481330872 22 261 38 283
class 0.7595122456550598 284 267 299 283
class 0.654025137424469 75 280 89 295
class 0.34874436259269714 115 290 133 299
class 0.7150360941886902 138 282 155 297
class 0.6420363783836365 196 287 210 299
