class 0.6797738075256348 117 5 132 20
class 0.7296440601348877 290 0 299 11
class 0.6511616706848145 248 18 265 36
class 0.8573125600814819 3 25 16 42
class 0.5758082270622253 57 24 71 43
class 0.7157259583473206 6 53 21 69
class 0.5367182493209839 74 50 92 71
class 0.7238920331001282 223 42 239 59
class 0.648448646068573 261 41 277 56
class 0.6075718402862549 87 56 106 73
class 0.7115965485572815 243 65 259 84
class 0.5591697096824646 41 109 58 129
class 0.5594295859336853 85 108 101 126
class 0.3245745897293091 210 112 226 129
class 0.5686339139938354 218 112 231 128
class 0.8635407090187073 0 122 11 139
class 0.6570451855659485 139 128 156 148
class 0.6764101386070251 161 121 180 140
class 0.6712557077407837 94 141 108 159
class 0.3521933853626251 146 139 160 158
class 0.6540868878364563 274 137 289 154
class 0.6460380554199219 125 151 144 170
class 0.5456477999687195 181 152 202 173
class 0.5197737812995911 137 166 154 187
class 0.7322938442230225 227 173 243 193
class 0.6238382458686829 9 191 26 211
class 0.5933198928833008 169 186 182 204
class 0.5075920820236206 68 206 86 226
class 0.5659200549125671 255 208 272 228
class 0.5855943560600281 99 224 112 242
class 0.49526962637901306 258 219 273 236
class 0.5180408954620361 267 224 280 241
class 0.6709955334663391 273 225 285 243
class 0.6100492477416992 41 239 56 259
class 0.5862480998039246 147 240 160 259
class 0.30290570855140686 275 231 288 246
class 0.6449361443519592 212 245 227 263
class 0.7308512926101685 288 252 299 269
class 0.37564215064048767 100 271 114 287
class 0.7283925414085388 130 260 148 279
class 0.6494641900062561 262 260 278 278
class 0.6798053979873657 113 285 128 298
class 0.33002299070358276 110 290 125 299
class 0.6976081132888794 216 286 233 299
