class 0.4266562759876251 1 0 5 6
class 0.6327213644981384 3 0 9 8
class 0.38940227031707764 2 1 5 5
class 0.3486827313899994 14 0 27 3
class 0.3619607388973236 16 0 28 6
class 0.4015231728553772 33 0 46 3
class 0.3581685721874237 34 0 47 6
class 0.5700563788414001 47 0 63 4
class 0.8207008242607117 49 0 63 10
class 0.4544362425804138 47 0 60 2
class 0.3387879431247711 59 0 75 3
class 0.5274466872215271 62 1 75 9
class 0.5027714967727661 77 0 93 8
class 0.46370580792427063 163 1 179 11
class 0.7251960635185242 172 4 186 19
class 0.49933767318725586 290 1 299 10
class 0.39692822098731995 176 11 193 29
class 0.645541250705719 211 12 227 30
class 0.5042324662208557 53 28 68 43
class 0.4777836799621582 59 29 73 45
class 0.5620521306991577 95 36 111 53
class 0.5481308698654175 140 34 157 53
class 0.6093320250511169 260 43 279 61
class 0.6938495635986328 21 68 36 84
class 0.6172251105308533 36 66 51 84
class 0.558955729007721 51 66 65 83
class 0.673444926738739 143 67 162 85
class 0.6257687211036682 177 68 192 86
class 0.42447298765182495 37 74 51 91
class 0.3623959720134735 162 78 179 97
class 0.682959794998169 37 96 52 115
class 0.47629785537719727 247 97 262 117
class 0.6556165218353271 266 113 282 132
class 0.6946386694908142 38 130 52 149
class 0.5833008289337158 91 122 106 138
class 0.5823656916618347 148 128 163 145
class 0.630650520324707 195 122 209 137
class 0.7942136526107788 268 145 283 161
class 0.40592557191848755 165 157 178 172
class 0.7089313864707947 115 170 131 188
class 0.506585955619812 53 188 70 205
class 0.4216669797897339 60 193 75 208
class 0.46821874380111694 79 192 94 209
class 0.41820257902145386 73 194 89 211
class 0.7219102382659912 115 188 130 206
class 0.7245475053787231 278 189 294 208
class 0.7384292483329773 122 207 137 225
class 0.43637707829475403 165 204 177 219
class 0.8515904545783997 3 214 16 232
class 0.8389779925346375 3 239 18 260
class 0.6977066397666931 116 230 131 248
class 0.33547163009643555 13 247 30 268
class 0.38249555230140686 22 251 35 269
class 0.6434417963027954 83 249 99 269
class 0.5901090502738953 180 258 194 274
class 0.6040013432502747 271 254 286 273
class 0.3155432343482971 21 262 35 283
class 0.6369884014129639 86 260 101 279
class 0.7297611832618713 210 261 226 282
class 0.6635442972183228 50 280 64 297
class 0.6837881207466125 187 278 203 295
