class 0.5202206969261169 18 1 31 7
class 0.710373044013977 163 18 176 35
class 0.5992143750190735 248 13 261 28
class 0.7632037401199341 4 34 17 53
class 0.5887682437896729 199 26 215 45
class 0.7851952314376831 280 27 293 46
class 0.5618067383766174 70 51 84 69
class 0.6357601284980774 0 67 7 84
class 0.502403974533081 41 67 58 87
class 0.3381769359111786 227 67 241 86
class 0.42521706223487854 233 66 246 85
class 0.3169797956943512 274 68 285 83
class 0.3909957706928253 292 68 299 83
class 0.30355995893478394 35 74 53 92
class 0.3719533085823059 1 99 7 118
class 0.49428069591522217 44 90 57 107
class 0.5447960495948792 124 96 143 117
class 0.6778138279914856 2 104 13 120
class 0.7442348599433899 162 111 178 128
class 0.7185328006744385 195 113 210 132
class 0.703328549861908 14 120 32 139
class 0.3216276466846466 42 123 58 142
class 0.48301514983177185 76 127 91 145
class 0.46855881810188293 152 120 169 140
class 0.6082143783569336 83 135 100 155
class 0.47884178161621094 17 159 31 173
class 0.6083341836929321 13 173 29 191
class 0.4163758456707001 208 177 222 197
class 0.5550671219825745 208 187 222 204
class 0.32869890332221985 203 193 212 205
class 0.47453248500823975 217 185 231 204
class 0.7715349197387695 282 186 296 202
class 0.32927945256233215 6 199 16 218
class 0.5730043053627014 13 202 28 220
class 0.3337019979953766 179 209 196 227
class 0.49407467246055603 189 198 205 218
class 0.5594249963760376 30 215 43 234
class 0.598831057548523 189 220 205 241
class 0.33438795804977417 37 239 49 258
class 0.6974110007286072 67 238 83 258
class 0.543465793132782 154 238 169 256
class 0.40015068650245667 208 240 222 261
class 0.7314922213554382 34 248 48 266
class 0.4182239770889282 43 244 55 268
class 0.37613818049430847 65 245 77 266
class 0.49628621339797974 152 251 169 267
class 0.30987924337387085 149 268 161 289
class 0.6467796564102173 180 259 196 280
class 0.7370270490646362 242 273 255 290
class 0.3267494738101959 37 289 52 299
class 0.335846483707428 30 295 52 299
class 0.48575079441070557 44 295 59 299
class 0.3547137975692749 103 285 120 297
class 0.6014466285705566 133 282 148 296
class 0.332260400056839 138 282 156 297
class 0.5617879629135132 147 284 163 299
