class 0.3395565152168274 31 0 50 5
class 0.8201237320899963 33 0 50 14
class 0.33634647727012634 44 0 58 2
class 0.5436099171638489 45 0 58 8
class 0.8045223355293274 96 0 110 10
class 0.8523479104042053 177 0 194 12
class 0.5850780010223389 234 19 249 36
class 0.49823662638664246 99 32 114 51
class 0.5125257968902588 126 34 141 56
class 0.6584650874137878 161 30 173 51
class 0.49225208163261414 83 51 96 68
class 0.5729725360870361 191 45 207 64
class 0.457497239112854 0 59 1 73
class 0.7302005290985107 0 59 5 72
class 0.6383980512619019 30 57 47 72
class 0.3778579533100128 101 56 114 73
class 0.47699299454689026 171 59 185 71
class 0.3297574818134308 178 58 191 73
class 0.7444319128990173 233 61 247 77
class 0.32620906829833984 272 61 288 73
class 0.6936829686164856 292 59 299 73
class 0.3167380392551422 4 83 8 101
class 0.3908669948577881 97 79 115 98
class 0.512082040309906 226 77 243 100
class 0.6600987315177917 2 88 10 105
class 0.4355139434337616 99 91 112 111
class 0.4733066260814667 107 92 124 112
class 0.7499364614486694 130 87 144 107
class 0.7166549563407898 240 89 256 107
class 0.7106516361236572 262 105 277 122
class 0.5490161776542664 38 129 53 148
class 0.7592166662216187 124 141 142 158
class 0.530135452747345 138 146 155 163
class 0.6326627731323242 157 138 173 156
class 0.6044167876243591 282 178 295 196
class 0.6117565631866455 195 190 209 209
class 0.5519751310348511 254 182 270 200
class 0.7133297324180603 146 215 165 235
class 0.45552751421928406 154 217 164 230
class 0.674683153629303 211 225 225 242
class 0.6712706089019775 274 215 289 231
class 0.5582069158554077 241 241 254 259
class 0.6264241337776184 33 247 50 264
class 0.678321361541748 101 246 116 262
class 0.5123558044433594 109 250 125 267
class 0.7359366416931152 115 252 130 268
class 0.6841497421264648 13 270 29 290
class 0.7669705152511597 34 279 50 298
