class 0.7138314247131348 143 5 156 21
class 0.41247543692588806 32 15 48 30
class 0.5754305720329285 85 18 100 33
class 0.37567415833473206 89 12 105 27
class 0.7454627752304077 160 33 176 50
class 0.6061651110649109 223 34 237 49
class 0.4953882098197937 256 29 273 45
class 0.36928364634513855 267 29 282 42
class 0.33575984835624695 274 29 288 44
class 0.7275514006614685 283 26 295 43
class 0.5287001729011536 2 49 9 67
class 0.4798716902732849 30 42 46 57
class 0.5298745036125183 228 46 241 65
class 0.3007740080356598 65 67 79 86
class 0.7088289260864258 177 59 196 79
class 0.6541875600814819 52 79 69 97
class 0.6436729431152344 118 83 131 100
class 0.5298382043838501 113 91 130 109
class 0.37719783186912537 106 95 122 112
class 0.5770738124847412 44 113 58 134
class 0.4238756597042084 177 113 194 131
class 0.6479130387306213 202 110 215 128
class 0.8287128806114197 2 123 15 142
class 0.4237801730632782 162 124 178 141
class 0.5045126080513 50 142 64 161
class 0.6862933039665222 211 138 227 156
class 0.37059617042541504 100 153 116 169
class 0.3477890193462372 106 151 123 170
class 0.5840632915496826 62 192 74 211
class 0.33448177576065063 61 196 70 207
class 0.7090985178947449 176 186 193 206
class 0.3561467230319977 64 197 79 216
class 0.5865877270698547 139 205 153 226
class 0.3081263303756714 255 204 268 219
class 0.43253135681152344 247 199 265 221
class 0.5023004412651062 140 214 157 235
class 0.5184459686279297 272 220 289 240
class 0.5383381247520447 31 236 46 255
class 0.6306561827659607 171 233 186 251
class 0.6351607441902161 38 264 52 282
class 0.48019465804100037 66 265 85 284
class 0.611667275428772 226 262 243 281
class 0.6764889359474182 283 266 297 282
