class 0.4649566411972046 4 1 13 15
class 0.8174638152122498 16 3 31 17
class 0.3019837737083435 51 5 63 19
class 0.5118252038955688 224 7 236 18
class 0.4296639859676361 4 17 16 36
class 0.5718795657157898 12 13 28 32
class 0.5112696290016174 17 16 33 36
class 0.3855303227901459 49 12 61 28
class 0.539068877696991 52 11 68 31
class 0.7078245878219604 81 17 95 37
class 0.4847751259803772 226 12 240 27
class 0.7470762133598328 275 17 289 34
class 0.6356723308563232 4 25 12 40
class 0.33725133538246155 11 25 26 41
class 0.4595875144004822 34 28 51 43
class 0.3054092228412628 50 29 65 50
class 0.3458767235279083 59 30 71 45
class 0.3444789946079254 111 28 124 41
class 0.511334240436554 113 24 132 45
class 0.3188740015029907 123 31 138 44
class 0.729284405708313 163 30 178 49
class 0.6211516261100769 170 32 183 46
class 0.3486156165599823 187 29 199 41
class 0.6435983777046204 259 29 272 44
class 0.7609543800354004 272 31 288 46
class 0.6109697222709656 264 32 283 50
class 0.5831669569015503 53 43 69 65
class 0.7409126162528992 131 44 148 64
class 0.6738379597663879 200 78 217 98
class 0.4049559533596039 121 89 135 109
class 0.580300509929657 42 110 57 130
class 0.3629632592201233 97 104 113 123
class 0.5964716672897339 202 112 216 131
class 0.5106449723243713 84 125 99 144
class 0.3675168752670288 114 126 131 147
class 0.5293110013008118 160 129 176 148
class 0.7557851076126099 5 141 19 158
class 0.620960533618927 54 141 68 159
class 0.5007117390632629 115 138 132 158
class 0.43480440974235535 37 184 54 200
class 0.7282152771949768 83 187 101 206
class 0.6743400692939758 131 193 147 213
class 0.6893242001533508 200 184 214 204
class 0.4152711033821106 238 190 254 207
class 0.5114239454269409 234 187 248 208
class 0.5248221755027771 83 203 99 221
class 0.7317759394645691 6 224 21 241
class 0.4003490209579468 89 215 105 232
class 0.6521813869476318 137 223 152 243
class 0.5315773487091064 188 216 201 236
class 0.6030756831169128 195 255 210 271
class 0.5212851166725159 186 265 202 287
class 0.3128471374511719 187 275 195 288
class 0.4145651161670685 60 282 73 296
class 0.6091266870498657 183 279 199 296
class 0.33697929978370667 190 282 203 295
class 0.6434186100959778 279 281 291 299
