class 0.6634199619293213 7 2 16 15
class 0.7572479248046875 12 2 25 16
class 0.6433250904083252 162 4 178 17
class 0.5478162169456482 172 5 186 17
class 0.7900911569595337 208 4 222 19
class 0.7109370231628418 218 3 232 15
class 0.7454578280448914 257 4 274 21
class 0.3413173258304596 13 18 30 36
class 0.5100646615028381 75 12 92 28
class 0.5250284671783447 91 15 105 30
class 0.6026332378387451 140 18 153 34
class 0.3153783679008484 216 15 232 29
class 0.3616330325603485 1 33 10 50
class 0.7058488130569458 26 26 43 42
class 0.4705410897731781 84 32 100 51
class 0.32745587825775146 91 28 105 46
class 0.5877676606178284 178 26 194 44
class 0.6304625868797302 1 47 10 68
class 0.5055415630340576 92 48 106 67
class 0.5860064029693604 98 49 111 69
class 0.4631515443325043 133 52 144 67
class 0.3697146475315094 137 49 152 65
class 0.5775355100631714 217 50 230 67
class 0.44706085324287415 3 57 11 72
class 0.5767838954925537 67 67 81 87
class 0.5989677309989929 236 83 253 101
class 0.6095056533813477 259 71 272 90
class 0.5556473731994629 140 86 157 106
class 0.5419865846633911 146 111 161 132
class 0.6740696430206299 208 111 226 128
class 0.6784226894378662 218 109 231 125
class 0.6176000833511353 106 123 121 138
class 0.6179022789001465 168 123 183 141
class 0.5804184079170227 25 137 42 155
class 0.6055117249488831 90 135 105 152
class 0.6870685815811157 146 135 162 152
class 0.5343011617660522 263 142 276 160
class 0.5810361504554749 187 173 203 193
class 0.6448374390602112 219 167 235 187
class 0.5616039037704468 273 166 292 185
class 0.6038119196891785 247 188 263 206
class 0.48136481642723083 265 198 278 217
class 0.574333906173706 127 239 141 257
class 0.4997084140777588 176 240 190 260
class 0.4734967350959778 275 240 290 256
class 0.5064653754234314 9 254 18 271
class 0.7946218252182007 10 254 27 274
class 0.32947424054145813 85 270 99 288
class 0.6438359618186951 116 265 133 284
class 0.5235718488693237 196 266 211 284
class 0.4866030812263489 236 272 256 290
class 0.34728801250457764 85 285 100 298
class 0.7209851145744324 215 281 231 297
class 0.49924004077911377 241 280 258 294
class 0.6184352040290833 255 284 270 298
