class 0.6783890128135681 224 0 238 8
class 0.6269487142562866 58 30 72 46
class 0.5800217986106873 180 31 195 47
class 0.5823231339454651 22 47 35 62
class 0.3365066647529602 27 45 42 62
class 0.5366250872612 53 44 67 62
class 0.5508120059967041 36 96 49 112
class 0.308736115694046 266 91 277 107
class 0.31870266795158386 284 124 296 139
class 0.30939874053001404 83 141 98 157
class 0.5221248269081116 99 144 113 163
class 0.3682570159435272 105 141 121 162
class 0.4914907217025757 99 154 113 172
class 0.526846706867218 186 149 201 169
class 0.4030750095844269 145 174 159 190
class 0.3206650912761688 225 176 237 193
class 0.5909785628318787 140 185 157 205
class 0.5411924123764038 1 225 5 242
class 0.39867720007896423 113 223 130 240
class 0.3158813416957855 0 230 2 248
class 0.6484372019767761 2 231 7 247
class 0.303184449672699 13 230 29 247
class 0.37626227736473083 21 230 36 250
class 0.42070916295051575 115 231 129 251
class 0.6914486885070801 225 230 239 247
class 0.5834932327270508 113 251 131 271
class 0.3249076306819916 124 251 138 266
class 0.40006741881370544 0 285 7 299
class 0.4363967180252075 225 288 239 299
class 0.31412070989608765 221 294 237 299
