class 0.49951282143592834 67 6 80 19
class 0.6159021854400635 96 25 113 43
class 0.6671589016914368 141 46 157 56
class 0.699122428894043 139 41 162 60
class 0.38357996940612793 240 61 254 73
class 0.39734095335006714 234 55 261 81
class 0.4206656813621521 255 76 266 91
class 0.3669849634170532 247 72 270 95
class 0.5931699275970459 0 97 5 114
class 0.5317583680152893 163 97 179 110
class 0.807999312877655 168 96 186 116
class 0.3290064036846161 232 95 253 117
class 0.7273016571998596 92 111 108 130
class 0.48933956027030945 231 123 249 148
class 0.3471834361553192 19 141 37 159
class 0.5670099854469299 33 141 48 160
class 0.7308688759803772 203 137 221 158
class 0.3758443593978882 283 146 294 159
class 0.721467912197113 51 155 65 172
class 0.3298807144165039 135 159 153 183
class 0.5841313004493713 175 152 196 178
class 0.5680455565452576 223 156 235 173
class 0.615749716758728 45 175 61 196
class 0.6954007148742676 90 171 109 191
class 0.6510711908340454 131 167 143 184
class 0.8259935975074768 154 188 171 209
class 0.7205368876457214 93 233 109 251
class 0.6676251888275146 90 238 104 255
class 0.4206687808036804 173 246 190 262
class 0.5504640340805054 82 271 96 291
class 0.6180078983306885 228 268 240 289
class 0.3512346148490906 263 269 277 281
class 0.6796300411224365 2 283 14 299
class 0.7332859039306641 82 280 97 298
class 0.32482731342315674 79 289 93 298
class 0.4958636462688446 194 283 212 299
