class 0.47763851284980774 59 5 73 22
class 0.4103434085845947 197 7 209 21
class 0.7191281318664551 116 18 131 38
class 0.6105014681816101 83 26 98 43
class 0.36934760212898254 94 32 109 51
class 0.6983657479286194 100 33 116 53
class 0.30255332589149475 114 28 130 47
class 0.573915421962738 183 37 199 51
class 0.6845856308937073 16 50 31 66
class 0.3051258623600006 26 52 40 67
class 0.6581302285194397 213 47 225 66
class 0.7589864134788513 283 51 297 67
class 0.6191047430038452 121 56 135 73
class 0.39788851141929626 188 59 201 78
class 0.3742813169956207 194 61 209 78
class 0.32318243384361267 258 60 272 78
class 0.6514555215835571 200 79 216 97
class 0.37664592266082764 180 91 197 110
class 0.767066478729248 267 93 281 112
class 0.6623145937919617 274 97 285 111
class 0.4865800142288208 223 111 239 128
class 0.45736557245254517 265 109 279 126
class 0.4641667306423187 9 122 24 140
class 0.36376556754112244 256 129 274 147
class 0.5792717933654785 265 120 282 138
class 0.6145946979522705 273 122 287 136
class 0.522300660610199 68 136 85 153
class 0.6804839372634888 123 137 138 153
class 0.4841049611568451 138 137 154 154
class 0.3985016644001007 256 136 271 153
class 0.6445043683052063 13 187 29 204
class 0.5611060857772827 135 190 152 210
class 0.591025173664093 193 199 208 218
class 0.7671753764152527 289 209 299 227
class 0.7793298959732056 0 224 13 244
class 0.6935096979141235 33 222 48 241
class 0.6946905851364136 99 222 114 241
class 0.6648514866828918 228 221 242 239
class 0.38160213828086853 234 222 248 239
class 0.6889062523841858 85 231 99 249
class 0.617073655128479 147 229 164 248
class 0.6780602931976318 191 231 208 247
class 0.6640348434448242 215 254 231 273
class 0.7591772675514221 264 251 278 270
class 0.7620792984962463 283 248 297 266
class 0.3028932213783264 289 249 299 270
class 0.7548375129699707 287 269 299 288
class 0.561569094657898 24 280 40 296
class 0.6097011566162109 135 280 150 297
