class 0.5644344091415405 94 3 107 19
class 0.39383265376091003 111 4 124 15
class 0.495029091835022 234 6 247 17
class 0.3975261449813843 54 13 67 26
class 0.6945826411247253 118 19 129 34
class 0.5710135698318481 266 17 282 34
class 0.4728834629058838 180 35 194 53
class 0.571781575679779 2 67 11 87
class 0.47079625725746155 162 67 179 85
class 0.6225919723510742 232 65 249 83
class 0.6683717370033264 130 97 146 116
class 0.3685065805912018 1 109 7 128
class 0.5114898681640625 178 114 195 134
class 0.705363392829895 236 104 251 124
class 0.35133183002471924 172 123 185 141
class 0.5346158742904663 45 141 57 157
class 0.5624813437461853 67 142 82 158
class 0.42060035467147827 57 150 73 170
class 0.5677606463432312 247 158 263 177
class 0.7901269197463989 285 152 297 170
class 0.6989814639091492 37 175 51 193
class 0.4301833510398865 36 185 49 202
class 0.3459421992301941 200 181 218 204
class 0.7153106927871704 97 208 115 226
class 0.7440661191940308 169 205 184 224
class 0.542811930179596 248 205 263 228
class 0.4590899646282196 2 240 9 258
class 0.3243156373500824 109 241 123 256
class 0.659092366695404 0 248 8 265
class 0.6016546487808228 115 253 127 270
class 0.494244247674942 176 256 192 272
class 0.31429916620254517 183 256 200 273
class 0.6762343645095825 37 265 51 285
class 0.6039003133773804 114 265 127 284
class 0.34148117899894714 183 264 202 282
class 0.6723141074180603 3 286 13 299
class 0.36889445781707764 13 285 24 299
class 0.3465980589389801 153 285 168 297
