class 0.7306920886039734 10 4 24 20
class 0.7842340469360352 48 0 61 11
class 0.8342216610908508 66 1 81 13
class 0.36621326208114624 78 0 90 13
class 0.518345296382904 210 3 226 15
class 0.8254864811897278 218 3 234 20
class 0.7421230673789978 287 0 298 11
class 0.5345214009284973 46 19 60 35
class 0.6644156575202942 99 14 114 30
class 0.4508780837059021 105 14 119 28
class 0.36519771814346313 274 16 290 31
class 0.6636099815368652 49 64 64 83
class 0.4511093199253082 121 54 135 75
class 0.5656405687332153 262 63 275 80
class 0.7081014513969421 53 91 66 106
class 0.42678698897361755 75 88 94 107
class 0.33791086077690125 107 89 126 108
class 0.6807024478912354 194 91 210 111
class 0.3510280251502991 252 88 268 104
class 0.38443228602409363 275 89 288 102
class 0.6012754440307617 281 88 295 104
class 0.45084211230278015 120 109 139 130
class 0.6298282742500305 144 112 159 132
class 0.6655608415603638 226 113 242 132
class 0.631740152835846 161 128 177 146
class 0.4039674997329712 154 127 169 146
class 0.6761753559112549 169 121 183 138
class 0.5766338109970093 120 145 137 163
class 0.7793731093406677 35 160 51 180
class 0.5280119776725769 216 156 232 176
class 0.7481749653816223 281 157 295 175
class 0.5843137502670288 121 183 135 201
class 0.47496289014816284 158 193 176 212
class 0.5716755986213684 248 183 262 200
class 0.6005589365959167 58 206 73 225
class 0.575038492679596 258 208 272 229
class 0.511971652507782 81 222 96 243
class 0.4859001636505127 75 226 87 240
class 0.6741676926612854 93 215 106 233
class 0.5746359825134277 179 215 195 233
class 0.580511748790741 232 216 246 233
class 0.4731655716896057 288 224 299 242
class 0.6502630114555359 16 232 33 250
class 0.5748143196105957 137 239 151 258
class 0.5618178248405457 194 231 212 251
class 0.3560136556625366 287 234 299 251
class 0.387960821390152 294 237 299 253
class 0.4740667939186096 59 256 76 276
class 0.4407675266265869 67 258 82 275
class 0.7099592685699463 231 251 244 271
class 0.3610929250717163 45 264 58 286
class 0.7028879523277283 50 284 66 298
