class 0.3079147934913635 180 0 193 6
class 0.6644394397735596 108 16 123 33
class 0.5911380052566528 83 46 99 65
class 0.30387625098228455 91 46 105 62
class 0.7446238994598389 125 76 138 92
class 0.4045577645301819 180 74 194 93
class 0.3588334321975708 224 79 242 100
class 0.308120995759964 237 93 252 113
class 0.374004989862442 69 110 82 126
class 0.6147515177726746 74 105 91 125
class 0.6342813968658447 232 105 247 124
class 0.5890331268310547 147 125 161 142
class 0.44258618354797363 152 122 172 143
class 0.5466747283935547 236 122 250 139
class 0.3256176710128784 69 141 81 160
class 0.4486493170261383 70 154 84 172
class 0.6653538942337036 75 153 92 172
class 0.6298373937606812 114 157 127 175
class 0.8095003962516785 1 206 10 226
class 0.6319867968559265 18 207 34 226
class 0.4050084054470062 50 209 65 220
class 0.3427497446537018 60 205 78 223
class 0.3677576780319214 75 204 95 223
class 0.35395002365112305 97 208 112 220
class 0.43491315841674805 114 207 128 219
class 0.40139979124069214 122 205 140 222
class 0.3171321451663971 146 207 161 219
class 0.5909761190414429 155 205 171 224
class 0.6370899081230164 178 207 194 222
class 0.3356980085372925 185 206 200 222
class 0.5493005514144897 223 207 240 222
class 0.4126897156238556 232 203 249 223
class 0.3786853849887848 253 208 267 220
class 0.42434531450271606 248 203 265 225
class 0.5455654263496399 293 208 299 223
class 0.3559328019618988 130 237 147 257
class 0.36472803354263306 139 240 153 255
class 0.3433600962162018 144 246 162 265
class 0.3894188106060028 179 268 191 286
class 0.5012159943580627 279 267 294 281
class 0.4887254536151886 117 281 132 296
class 0.44869518280029297 178 286 194 297
