class 0.3157239258289337 148 18 160 34
class 0.5561186671257019 147 26 163 43
class 0.39665812253952026 176 50 191 69
class 0.5762346386909485 30 61 43 76
class 0.6591194868087769 169 61 183 78
class 0.8066787123680115 67 89 83 105
class 0.35981959104537964 114 93 128 108
class 0.41510599851608276 14 110 28 125
class 0.31162214279174805 240 123 256 139
class 0.3138166069984436 193 144 207 160
class 0.308488667011261 187 140 203 162
class 0.7626774311065674 2 184 9 200
class 0.37179186940193176 19 183 38 201
class 0.5273014903068542 30 186 45 205
class 0.38398200273513794 81 184 98 201
class 0.5767896175384521 98 183 113 201
class 0.40612104535102844 129 185 146 202
class 0.5974087119102478 186 183 201 201
class 0.5513336658477783 217 182 233 200
class 0.5493987202644348 240 183 258 201
class 0.4350460171699524 274 183 288 201
class 0.5184890627861023 284 184 296 199
class 0.4460238814353943 292 184 298 201
class 0.6355665326118469 37 203 50 221
class 0.3939858376979828 128 217 147 237
class 0.47168493270874023 132 231 145 247
class 0.715674102306366 34 262 51 282
class 0.44999197125434875 193 264 212 283
class 0.7460448145866394 210 263 225 280
class 0.6455549001693726 139 280 154 295
class 0.42953452467918396 156 283 176 298
