class 0.8267277479171753 45 4 62 22
class 0.46888822317123413 84 1 100 11
class 0.8403217196464539 98 1 114 12
class 0.827427089214325 142 0 161 10
class 0.6326805353164673 267 0 282 8
class 0.6814739108085632 13 18 31 37
class 0.6022716164588928 208 19 223 36
class 0.6283586621284485 54 28 68 46
class 0.44168975949287415 100 29 116 47
class 0.6242055296897888 161 26 177 46
class 0.3412027060985565 109 48 122 61
class 0.3668281137943268 155 44 170 60
class 0.4143297076225281 156 57 173 78
class 0.5831772685050964 164 60 178 77
class 0.47551095485687256 169 56 187 78
class 0.515333890914917 177 58 193 76
class 0.5166413187980652 213 63 227 81
class 0.6833955645561218 51 83 67 100
class 0.5877200961112976 121 81 138 98
class 0.7039336562156677 53 93 68 110
class 0.5989579558372498 169 96 183 115
class 0.6505623459815979 18 113 33 129
class 0.5996198654174805 225 113 242 133
class 0.6906838417053223 249 121 265 138
class 0.722649097442627 274 128 287 143
class 0.37518706917762756 294 128 299 144
class 0.837121307849884 0 145 10 160
class 0.5855342745780945 37 136 54 153
class 0.6305190324783325 50 137 67 155
class 0.6155832409858704 242 161 257 180
class 0.5183624625205994 50 169 63 189
class 0.5735089182853699 199 173 215 190
class 0.7429684996604919 195 189 211 208
class 0.7598487138748169 223 193 238 212
class 0.6431500315666199 8 199 25 217
class 0.6962321400642395 162 214 177 232
class 0.6036584377288818 189 232 203 248
class 0.510219156742096 221 231 236 246
class 0.8060094714164734 60 245 74 266
class 0.7557194232940674 74 249 91 269
class 0.5823501944541931 199 243 219 264
class 0.4236672818660736 26 266 40 285
class 0.5210205316543579 137 271 152 289
class 0.7428264617919922 22 280 36 294
class 0.6315919160842896 104 287 119 299
class 0.40449970960617065 144 286 161 298
class 0.6456321477890015 231 286 247 299
