class 0.8703486919403076 32 2 47 15
class 0.35131415724754333 59 2 72 11
class 0.7317441701889038 176 2 190 11
class 0.6579408049583435 203 1 215 10
class 0.8464412093162537 264 5 280 22
class 0.5106447339057922 0 17 9 32
class 0.6681492328643799 115 26 131 46
class 0.4967873692512512 200 29 212 44
class 0.5530709028244019 229 36 247 52
class 0.5798456072807312 31 40 44 58
class 0.6579247713088989 106 42 120 60
class 0.4547608196735382 185 66 202 87
class 0.4419757127761841 193 68 206 86
class 0.6391745209693909 28 79 42 96
class 0.7790367007255554 145 71 162 91
class 0.48893317580223083 202 74 215 92
class 0.7090102434158325 13 94 29 111
class 0.6237440705299377 104 105 121 125
class 0.4819003939628601 239 113 256 131
class 0.7831586599349976 3 130 21 149
class 0.6741765141487122 83 120 100 140
class 0.687144935131073 129 129 146 148
class 0.613445520401001 144 130 159 147
class 0.644200325012207 234 124 250 143
class 0.34247374534606934 247 121 263 141
class 0.33883291482925415 201 143 216 162
class 0.7759955525398254 224 151 241 170
class 0.6342113018035889 279 154 295 170
class 0.6612178087234497 113 167 130 187
class 0.8109112977981567 282 173 298 192
class 0.7008747458457947 50 184 66 202
class 0.7131227254867554 4 207 17 226
class 0.3324054479598999 8 206 26 232
class 0.5983420014381409 242 206 260 226
class 0.5475762486457825 273 206 289 223
class 0.8251103162765503 4 219 19 238
class 0.45138007402420044 44 213 56 230
class 0.5880508422851562 142 220 156 237
class 0.5059406161308289 170 213 188 232
class 0.5954410433769226 274 222 288 241
class 0.5036430358886719 138 230 153 247
class 0.7162147760391235 190 233 203 246
class 0.3384491205215454 274 231 290 247
class 0.6539172530174255 285 231 298 249
class 0.5819483995437622 292 231 299 249
class 0.8367831110954285 2 255 18 276
class 0.8151817321777344 283 254 298 273
class 0.706775963306427 25 264 40 282
class 0.6835200786590576 103 270 119 288
class 0.6910189390182495 177 260 194 280
class 0.3352382481098175 133 289 149 299
class 0.47300416231155396 138 283 153 297
class 0.33339449763298035 145 283 160 298
class 0.4243096709251404 139 291 154 299
class 0.37338724732398987 152 286 166 299
class 0.398783802986145 201 288 215 299
class 0.4247080683708191 203 293 218 299
