class 0.6304841041564941 205 3 219 19
class 0.7070900201797485 211 11 226 27
class 0.7504300475120544 241 14 255 31
class 0.6210628151893616 44 25 58 43
class 0.6291136741638184 98 34 113 55
class 0.6296636462211609 114 30 129 49
class 0.35760608315467834 151 33 166 50
class 0.3679504692554474 263 26 282 41
class 0.6998938322067261 240 46 253 66
class 0.7787740230560303 5 65 19 84
class 0.5296825170516968 234 56 249 75
class 0.5246576070785522 50 83 69 102
class 0.39491090178489685 214 82 230 100
class 0.3556881844997406 0 107 2 121
class 0.5793166160583496 0 107 6 120
class 0.33014535903930664 70 105 83 121
class 0.3722165822982788 101 108 114 125
class 0.5397968292236328 112 116 129 131
class 0.38976842164993286 130 106 147 124
class 0.4921310544013977 176 108 190 123
class 0.5944892168045044 168 104 186 124
class 0.5000858306884766 194 107 211 123
class 0.6799871325492859 239 105 257 123
class 0.5527008771896362 90 126 105 145
class 0.7424213290214539 227 128 242 149
class 0.5977569818496704 145 135 160 153
class 0.8191832900047302 161 134 177 155
class 0.49978509545326233 104 162 120 180
class 0.706486165523529 282 152 295 169
class 0.7068241834640503 53 169 66 184
class 0.7354254126548767 255 169 270 188
class 0.6426491141319275 27 188 41 206
class 0.5824133157730103 136 183 150 201
class 0.44248950481414795 217 192 231 211
class 0.7682394981384277 122 205 137 222
class 0.5481118559837341 62 224 77 244
class 0.6907880902290344 263 214 277 233
class 0.6899925470352173 71 236 81 254
class 0.6957169771194458 123 231 136 248
class 0.6536199450492859 263 237 276 255
class 0.47225478291511536 175 253 188 275
class 0.3988845646381378 180 257 191 272
class 0.31807008385658264 183 250 198 271
class 0.6746061444282532 72 269 83 288
class 0.6355025172233582 150 269 163 284
class 0.7477138042449951 154 264 170 285
class 0.5872622132301331 161 268 174 282
class 0.7696812748908997 172 265 186 285
class 0.7409093976020813 178 269 188 284
class 0.5930648446083069 172 274 181 286
class 0.7486637234687805 10 278 24 296
class 0.5344260334968567 243 288 256 298
class 0.3609760105609894 238 294 254 299
