class 0.36064785718917847 0 0 5 5
class 0.7102125287055969 1 0 8 8
class 0.6603633761405945 34 3 47 13
class 0.44304943084716797 47 1 60 8
class 0.34744977951049805 63 0 78 6
class 0.4549674689769745 79 0 94 6
class 0.33798107504844666 93 0 111 2
class 0.49354976415634155 94 0 109 7
class 0.44754093885421753 111 0 125 6
class 0.4919338822364807 126 1 140 7
class 0.43804097175598145 142 1 155 8
class 0.8489207029342651 168 0 185 13
class 0.7046177387237549 264 2 279 13
class 0.40643566846847534 36 12 50 27
class 0.5195958018302917 148 35 163 51
class 0.5643138885498047 192 27 207 44
class 0.4440276324748993 252 77 268 93
class 0.5982640981674194 99 96 114 114
class 0.5654693245887756 106 93 122 110
class 0.35958999395370483 195 121 211 138
class 0.49508416652679443 201 121 216 143
class 0.5236556529998779 26 136 44 157
class 0.34440693259239197 208 138 223 157
class 0.6911707520484924 38 159 50 177
class 0.6788079142570496 77 153 93 172
class 0.602881669998169 129 155 144 172
class 0.4562881886959076 255 156 271 170
class 0.8667168617248535 2 171 15 192
class 0.47520771622657776 194 173 211 190
class 0.506066620349884 256 191 272 207
class 0.41880589723587036 2 203 9 221
class 0.7739010453224182 217 215 231 233
class 0.5260687470436096 132 256 148 273
class 0.6327447891235352 139 252 155 272
class 0.34637218713760376 153 247 168 266
class 0.45526379346847534 58 262 76 281
class 0.38644474744796753 76 266 91 282
class 0.5102410912513733 36 286 51 299
class 0.614257276058197 121 286 136 299
class 0.4437205195426941 123 292 139 299
