class 0.7543501257896423 52 1 68 16
class 0.3907327950000763 59 3 73 14
class 0.804729163646698 204 2 221 18
class 0.45808476209640503 272 5 289 14
class 0.3679054081439972 283 3 294 17
class 0.3411117196083069 282 5 294 9
class 0.7265406250953674 65 17 83 33
class 0.32615387439727783 278 13 294 26
class 0.6256771087646484 134 30 151 51
class 0.6873646974563599 160 27 175 46
class 0.5391350388526917 275 25 290 43
class 0.7351511716842651 84 50 98 70
class 0.6851415038108826 203 41 218 59
class 0.6892004609107971 17 57 33 75
class 0.6015067100524902 167 66 183 83
class 0.6109611392021179 247 57 261 74
class 0.5087013244628906 55 78 73 101
class 0.6483325958251953 114 97 130 115
class 0.5989969968795776 138 98 151 116
class 0.6751068234443665 175 111 189 128
class 0.43086767196655273 28 121 43 139
class 0.6253339052200317 99 124 113 143
class 0.507655680179596 26 145 42 165
class 0.8148581981658936 52 157 66 176
class 0.49275416135787964 145 156 164 174
class 0.3317832946777344 216 151 231 170
class 0.48504990339279175 149 173 163 188
class 0.5716589093208313 193 178 209 195
class 0.6711796522140503 231 169 246 188
class 0.7032271027565002 117 184 131 202
class 0.7783789038658142 162 189 178 209
class 0.6468464732170105 176 187 194 204
class 0.4873582720756531 186 182 202 200
class 0.7129904627799988 21 200 39 219
class 0.6846039891242981 268 198 284 217
class 0.7868726253509521 223 213 240 233
class 0.8983914852142334 0 237 11 256
class 0.48600873351097107 14 268 31 290
class 0.4929509460926056 22 271 35 288
class 0.5623568296432495 203 267 217 282
class 0.37068745493888855 4 282 13 299
class 0.6573107838630676 22 284 36 298
