class 0.4464280307292938 38 0 52 7
class 0.581561267375946 42 2 56 12
class 0.6183840036392212 165 6 178 18
class 0.5285347700119019 59 19 77 36
class 0.6692698001861572 100 16 116 33
class 0.6534793972969055 142 9 159 26
class 0.7270893454551697 42 32 56 50
class 0.6776853203773499 98 48 111 64
class 0.47182565927505493 92 51 104 67
class 0.6914987564086914 23 65 37 82
class 0.5724023580551147 192 67 208 85
class 0.6867290735244751 86 80 100 98
class 0.6229269504547119 147 83 163 101
class 0.6053409576416016 108 90 123 109
class 0.667174220085144 130 128 146 148
class 0.48767271637916565 231 118 246 139
class 0.6631826162338257 3 146 14 165
class 0.6461421251296997 177 143 194 162
class 0.6352757811546326 223 141 239 159
class 0.63165283203125 272 139 288 160
class 0.5728426575660706 70 160 85 178
class 0.5540642142295837 136 159 151 178
class 0.6592446565628052 280 159 295 178
class 0.5923995971679688 116 171 133 190
class 0.7370250225067139 164 173 179 192
class 0.525257408618927 189 178 204 196
class 0.7449403405189514 1 201 10 218
class 0.599764347076416 99 198 114 215
class 0.5392724275588989 161 203 179 220
class 0.40353113412857056 175 200 192 219
class 0.3748988211154938 185 199 198 215
class 0.66939777135849 264 200 279 216
class 0.3838294744491577 286 202 299 217
class 0.46118393540382385 294 202 299 218
class 0.7476377487182617 49 223 63 242
class 0.43940502405166626 34 229 51 248
class 0.562482476234436 116 234 130 253
class 0.7357733845710754 129 232 143 252
class 0.42645934224128723 123 236 137 253
class 0.3980537950992584 164 238 174 255
class 0.5223203301429749 201 239 218 259
class 0.6484169363975525 247 234 263 252
class 0.7530816197395325 11 246 25 264
class 0.648443877696991 45 254 59 274
class 0.6537271738052368 134 264 151 279
class 0.45505043864250183 165 269 177 288
class 0.7130783796310425 165 283 179 299
class 0.6885500550270081 220 280 235 298
