class 0.8166089653968811 1 1 10 14
class 0.7734650373458862 219 0 236 11
class 0.6643487811088562 0 13 8 30
class 0.5297067165374756 42 12 55 28
class 0.3616306185722351 80 11 98 30
class 0.7017056941986084 146 13 164 33
class 0.6892149448394775 1 33 9 50
class 0.7023524641990662 53 28 70 47
class 0.5035591721534729 103 34 119 52
class 0.32342904806137085 144 25 162 44
class 0.7004488110542297 180 25 195 43
class 0.5113255381584167 200 30 213 47
class 0.6918889284133911 245 28 262 45
class 0.7325034141540527 277 35 293 52
class 0.5116646885871887 0 45 7 63
class 0.7376604676246643 5 63 15 81
class 0.5645666122436523 13 74 27 98
class 0.6125975847244263 21 77 35 98
class 0.6737571358680725 34 80 51 98
class 0.5083832740783691 28 81 44 96
class 0.6917024254798889 109 78 123 97
class 0.4930036664009094 109 87 118 96
class 0.5529584288597107 84 97 103 117
class 0.6532081961631775 98 94 114 113
class 0.5152991414070129 243 95 258 114
class 0.6729104518890381 248 97 267 116
class 0.5198065042495728 278 112 293 128
class 0.6589082479476929 77 127 93 146
class 0.5806324481964111 195 127 211 145
class 0.44204041361808777 128 137 142 154
class 0.6421582698822021 136 153 150 171
class 0.5979158282279968 232 167 245 185
class 0.4920710623264313 89 193 104 212
class 0.6676254272460938 169 182 187 202
class 0.620892345905304 115 207 130 226
class 0.6414572596549988 243 199 259 216
class 0.6752735376358032 3 218 10 235
class 0.5715753436088562 15 218 31 233
class 0.485217809677124 33 216 47 232
class 0.6202228665351868 159 236 174 254
class 0.7106903195381165 274 237 289 254
class 0.768733024597168 1 250 13 268
class 0.5236150622367859 112 254 126 272
class 0.38472023606300354 235 251 247 268
class 0.30766838788986206 240 252 251 269
class 0.6076352596282959 277 254 294 273
class 0.6051107048988342 1 268 11 286
class 0.5502863526344299 42 262 56 281
class 0.5320667624473572 163 268 176 286
class 0.712752103805542 0 281 11 299
class 0.3623388409614563 20 282 36 297
class 0.6675666570663452 42 282 55 296
class 0.6686632037162781 84 287 100 299
class 0.673123836517334 251 281 268 297
class 0.33951735496520996 266 281 284 299
class 0.3236005902290344 269 292 280 299
class 0.7693093419075012 278 280 293 297
