class 0.5803986191749573 72 10 87 24
class 0.7080365419387817 202 15 219 33
class 0.6525814533233643 162 34 178 54
class 0.6015376448631287 132 52 147 69
class 0.41111403703689575 169 45 185 64
class 0.6678748726844788 190 41 204 59
class 0.50505530834198 72 64 88 84
class 0.6812273263931274 123 57 138 76
class 0.4157625138759613 289 58 299 73
class 0.6163707971572876 13 82 28 101
class 0.4771184027194977 279 80 294 99
class 0.5773563981056213 243 97 258 114
class 0.5231399536132812 180 109 195 125
class 0.7186300158500671 221 104 237 122
class 0.7381594181060791 218 128 234 150
class 0.7115360498428345 43 139 62 160
class 0.5656172037124634 180 137 195 155
class 0.6706939935684204 250 134 265 152
class 0.6581081748008728 78 151 95 170
class 0.7051673531532288 121 153 136 172
class 0.8018367290496826 161 156 175 175
class 0.5987096428871155 289 153 299 169
class 0.40445420145988464 114 175 131 194
class 0.7156543731689453 203 168 217 186
class 0.7033374309539795 109 187 124 206
class 0.595820426940918 163 179 180 204
class 0.6296865940093994 260 180 278 202
class 0.6562685370445251 288 190 299 207
class 0.5566173195838928 11 208 27 227
class 0.31462374329566956 38 207 54 225
class 0.34630241990089417 44 209 60 226
class 0.585478663444519 210 202 226 224
class 0.6657301187515259 262 205 278 226
class 0.7168229222297668 49 217 66 236
class 0.3616466224193573 180 223 196 243
class 0.4869246482849121 215 239 232 257
class 0.6610707640647888 1 250 6 264
class 0.32820263504981995 151 252 167 270
class 0.6218540072441101 251 257 268 273
class 0.6733465194702148 288 249 299 265
class 0.5157266855239868 34 284 51 299
class 0.4560531675815582 31 291 47 299
class 0.7239686250686646 84 283 98 298
class 0.6636746525764465 109 281 125 298
class 0.6514423489570618 198 288 214 299
class 0.3455149829387665 201 294 215 299
class 0.6787928342819214 246 284 262 299
