class 0.8314215540885925 108 1 122 14
class 0.7092589139938354 244 2 256 13
class 0.6094517111778259 288 2 297 13
class 0.7045571208000183 249 16 266 35
class 0.32567575573921204 263 16 281 34
class 0.6724482774734497 206 43 220 59
class 0.3398386240005493 264 45 283 64
class 0.7178030610084534 284 44 298 62
class 0.5440627932548523 38 62 52 76
class 0.3810189962387085 257 66 273 83
class 0.6257814764976501 262 61 281 85
class 0.3695715069770813 270 64 286 82
class 0.575599730014801 64 114 80 132
class 0.30866068601608276 6 127 14 145
class 0.7259098291397095 12 128 26 146
class 0.651461124420166 60 121 74 141
class 0.49968430399894714 183 125 198 146
class 0.4396589994430542 239 124 255 143
class 0.5727779269218445 177 150 192 170
class 0.47988227009773254 193 153 208 171
class 0.3605353534221649 226 153 240 173
class 0.6108915209770203 255 156 270 174
class 0.4418378472328186 248 157 262 176
class 0.32282528281211853 264 158 278 175
class 0.44254040718078613 154 174 168 196
class 0.6281161904335022 272 169 288 189
class 0.6233261227607727 15 189 30 206
class 0.6348332762718201 36 186 52 204
class 0.37393683195114136 78 182 94 203
class 0.7502480149269104 129 192 144 211
class 0.6131726503372192 99 204 117 223
class 0.6562911868095398 187 205 200 223
class 0.39903080463409424 235 205 246 224
class 0.49819156527519226 51 213 66 233
class 0.6544240713119507 99 216 114 233
class 0.4532017111778259 225 221 243 241
class 0.49364006519317627 241 220 257 239
class 0.6307082176208496 285 217 297 234
class 0.3389447331428528 281 222 295 238
class 0.6600552797317505 126 230 142 249
class 0.43155598640441895 244 233 255 251
class 0.31489112973213196 264 233 281 249
class 0.5600351691246033 11 282 23 298
class 0.7256459593772888 51 280 69 297
class 0.32609814405441284 162 282 180 295
class 0.6981655359268188 177 284 193 298
class 0.7169973254203796 243 287 257 299
class 0.5222985744476318 283 279 295 295
class 0.33377331495285034 289 280 298 296
