class 0.8178849220275879 35 0 48 10
class 0.688605785369873 85 11 101 29
class 0.6815128922462463 196 20 209 35
class 0.5999390482902527 276 35 289 50
class 0.6224910616874695 201 45 215 62
class 0.3816154897212982 202 52 212 65
class 0.6279972195625305 271 44 287 63
class 0.6478502154350281 200 59 212 79
class 0.7102652788162231 8 74 26 94
class 0.3404335677623749 17 77 32 95
class 0.5994388461112976 73 73 89 92
class 0.7677570581436157 147 81 162 99
class 0.7429746985435486 238 73 253 91
class 0.4773823022842407 19 94 35 112
class 0.30073991417884827 35 109 46 127
class 0.32116463780403137 30 109 40 127
class 0.6510471105575562 200 113 215 131
class 0.6301920413970947 30 138 42 154
class 0.522395670413971 144 137 158 154
class 0.5223345756530762 100 153 115 170
class 0.5611015558242798 161 153 174 171
class 0.5336336493492126 168 151 185 170
class 0.6702484488487244 225 155 241 175
class 0.38298729062080383 230 156 247 181
class 0.31725451350212097 31 171 43 189
class 0.4148860275745392 82 173 96 190
class 0.36362987756729126 99 171 117 188
class 0.5384765863418579 108 167 122 185
class 0.5620084404945374 209 175 227 195
class 0.43206167221069336 224 170 241 191
class 0.3960462510585785 222 169 234 187
class 0.4057399332523346 234 167 249 187
class 0.6896659731864929 265 174 278 190
class 0.35634374618530273 282 175 294 191
class 0.38455402851104736 29 190 41 211
class 0.7448834776878357 163 188 178 207
class 0.30750301480293274 36 201 49 222
class 0.694099485874176 121 198 135 216
class 0.5773308873176575 259 200 274 218
class 0.40686124563217163 29 213 41 233
class 0.32271453738212585 6 248 15 267
class 0.7228673100471497 13 249 28 266
class 0.6576976776123047 19 248 34 267
class 0.4871305823326111 184 249 201 267
class 0.3178393840789795 193 253 205 269
class 0.43432649970054626 200 254 213 272
class 0.7339622378349304 280 246 295 265
class 0.6977429389953613 56 265 73 284
class 0.6004404425621033 118 267 131 284
class 0.36739683151245117 244 269 257 285
class 0.41356930136680603 249 268 266 284
class 0.5561963319778442 28 289 40 299
class 0.6796019077301025 30 294 43 299
class 0.7123583555221558 66 285 82 299
class 0.4589884281158447 62 292 80 299
class 0.5700594186782837 164 288 178 299
class 0.36278975009918213 158 294 176 299
class 0.727880597114563 259 286 273 299
class 0.4205054044723511 253 293 265 299
