class 0.3153055012226105 101 0 114 6
class 0.3792322278022766 107 0 118 6
class 0.3828671872615814 171 0 185 5
class 0.8858288526535034 209 0 225 12
class 0.6471391320228577 56 14 72 30
class 0.6499248743057251 138 18 151 34
class 0.789089024066925 142 31 158 49
class 0.6380758881568909 227 35 240 52
class 0.816125214099884 3 65 16 84
class 0.6204138994216919 152 74 167 92
class 0.7071165442466736 274 81 290 97
class 0.5943458676338196 137 95 151 115
class 0.3177647888660431 211 88 227 106
class 0.685691237449646 219 93 235 112
class 0.7521593570709229 257 90 271 107
class 0.6383865475654602 100 114 116 133
class 0.6170101761817932 53 120 70 137
class 0.5440060496330261 104 121 120 137
class 0.7710942625999451 162 126 181 142
class 0.5434288382530212 169 131 179 141
class 0.6136515140533447 42 158 57 177
class 0.5538192391395569 256 162 272 179
class 0.7847994565963745 97 173 113 191
class 0.6012905836105347 131 187 146 207
class 0.530130922794342 200 191 215 210
class 0.6007410287857056 233 182 249 202
class 0.3490283787250519 258 207 273 223
class 0.6622766852378845 263 201 277 218
class 0.6530707478523254 178 215 193 233
class 0.7620510458946228 249 216 265 233
class 0.6173074841499329 65 230 81 251
class 0.7141743302345276 61 254 76 275
class 0.7265130877494812 101 253 117 272
class 0.640802800655365 130 252 146 269
class 0.5468277335166931 180 255 193 274
class 0.7406357526779175 9 266 25 286
class 0.6018380522727966 164 262 178 282
class 0.3751146197319031 3 286 10 298
class 0.7515679001808167 101 280 116 296
class 0.4603077471256256 172 293 188 299
