class 0.5207515358924866 82 0 94 9
class 0.6068900227546692 131 5 146 17
class 0.7084768414497375 263 0 277 7
class 0.5629147291183472 11 17 25 33
class 0.5209166407585144 82 18 100 34
class 0.3027374744415283 90 14 103 29
class 0.667586088180542 216 18 233 34
class 0.30377134680747986 290 16 299 32
class 0.4085092842578888 168 25 183 42
class 0.3444165587425232 78 40 93 60
class 0.47585493326187134 85 42 98 60
class 0.3580773174762726 93 41 106 59
class 0.42593318223953247 98 41 113 58
class 0.7399250864982605 147 58 162 73
class 0.7084853053092957 15 97 28 112
class 0.5023823380470276 130 92 144 107
class 0.790378987789154 58 109 73 127
class 0.6596638560295105 107 112 121 132
class 0.5403154492378235 202 109 215 127
class 0.5565981864929199 256 111 270 128
class 0.5098757743835449 264 104 276 125
class 0.31482329964637756 216 117 231 139
class 0.669806957244873 286 121 298 137
class 0.3435650169849396 0 138 2 154
class 0.781603217124939 1 137 6 153
class 0.5029897093772888 37 140 53 152
class 0.7503120303153992 42 136 58 153
class 0.5247049927711487 140 135 156 154
class 0.3279307782649994 200 135 217 157
class 0.6610220670700073 264 133 276 154
class 0.5124092102050781 36 156 52 170
class 0.6733585596084595 131 162 147 178
class 0.4504545032978058 185 158 201 179
class 0.4918976426124573 185 170 201 189
class 0.3159201741218567 186 177 197 192
class 0.5374943614006042 176 186 191 202
class 0.4944474995136261 185 180 201 202
class 0.4795660376548767 266 189 277 207
class 0.32948026061058044 270 189 283 209
class 0.6381587386131287 44 196 60 220
class 0.6055279970169067 84 198 99 218
class 0.6712101697921753 216 206 233 228
class 0.690974235534668 269 200 283 218
class 0.7344990968704224 5 223 17 241
class 0.5632451772689819 6 230 16 247
class 0.3616352677345276 11 232 23 247
class 0.6277393698692322 101 256 116 274
class 0.6800753474235535 1 270 7 289
class 0.6567088961601257 172 269 185 285
class 0.3990793526172638 1 284 7 298
