class 0.7600688934326172 6 0 16 15
class 0.6219003200531006 16 2 29 14
class 0.6745496988296509 35 2 50 17
class 0.5156198740005493 50 2 61 18
class 0.6310181617736816 66 3 78 20
class 0.5900490880012512 99 3 112 18
class 0.3706827759742737 113 4 124 18
class 0.476901650428772 128 2 141 16
class 0.5531670451164246 176 1 190 19
class 0.5248298048973083 192 3 204 21
class 0.6142688989639282 209 3 219 21
class 0.5943097472190857 223 3 236 19
class 0.34831541776657104 240 4 252 18
class 0.6839928030967712 256 2 269 15
class 0.36702480912208557 267 0 283 5
class 0.7582932710647583 269 1 284 13
class 0.618770956993103 287 2 298 16
class 0.31648752093315125 30 12 45 32
class 0.3700493574142456 36 15 50 35
class 0.4124166667461395 45 9 60 33
class 0.4781777858734131 53 13 65 33
class 0.45928189158439636 109 11 125 31
class 0.5275737047195435 116 14 130 30
class 0.5840195417404175 146 15 159 33
class 0.36231252551078796 162 13 175 32
class 0.4041513204574585 172 14 185 30
class 0.4963614046573639 176 15 191 35
class 0.528376042842865 236 12 251 32
class 0.38389113545417786 266 13 281 33
class 0.3569684624671936 273 15 287 36
class 0.5179328322410583 284 14 297 33
class 0.4116702973842621 289 15 299 34
class 0.6638988256454468 4 26 14 44
class 0.7590343356132507 10 25 27 43
class 0.5008007287979126 18 29 31 41
class 0.6520128846168518 36 30 50 44
class 0.4245191216468811 44 27 58 45
class 0.3988567888736725 51 29 64 44
class 0.4318658411502838 89 24 105 42
class 0.4036381244659424 147 25 160 43
class 0.5358975529670715 174 28 190 47
class 0.459807813167572 195 31 209 51
class 0.4267239570617676 219 27 232 45
class 0.4298676550388336 225 27 236 47
class 0.7138926982879639 240 27 254 47
class 0.37788185477256775 250 29 264 48
class 0.4887188971042633 265 28 279 47
class 0.3751952052116394 271 29 285 48
class 0.6358562111854553 282 28 296 43
class 0.6377816796302795 202 49 215 65
class 0.3807135224342346 6 65 12 82
class 0.45001065731048584 138 68 151 85
class 0.7870408296585083 4 77 17 94
class 0.43849796056747437 36 72 51 89
class 0.3578299283981323 185 87 198 105
class 0.6133476495742798 84 109 102 127
class 0.6527878046035767 185 113 199 133
class 0.6995880007743835 13 122 30 141
class 0.542447566986084 61 128 77 148
class 0.3845519423484802 82 128 97 147
class 0.3168453276157379 68 136 82 154
class 0.6254320740699768 81 140 96 158
class 0.46688002347946167 74 140 90 161
class 0.6108002662658691 121 134 136 155
class 0.3519496023654938 85 153 99 172
class 0.6718953847885132 96 157 111 175
class 0.7199569344520569 248 169 263 188
class 0.48146769404411316 3 193 11 212
class 0.6139072775840759 115 183 131 200
class 0.31361669301986694 130 188 147 206
class 0.3408205211162567 138 187 153 208
class 0.5886760354042053 159 189 177 209
class 0.5509263277053833 44 199 59 218
class 0.6595352292060852 146 208 162 224
class 0.5544697642326355 202 200 216 219
class 0.6715362668037415 226 204 244 223
class 0.6831014156341553 285 216 297 234
class 0.5511745810508728 291 217 299 235
class 0.6735095977783203 106 251 121 267
class 0.30892354249954224 149 271 163 289
class 0.46067118644714355 152 266 166 284
class 0.6511164903640747 276 263 288 280
class 0.6616536974906921 37 283 52 297
class 0.5404142141342163 146 280 161 295
class 0.4678323566913605 178 286 196 299
class 0.3261888027191162 185 293 202 299
