class 0.8398756384849548 67 3 83 21
class 0.4657379388809204 168 2 183 14
class 0.8370318412780762 0 11 9 31
class 0.4558158218860626 149 20 165 34
class 0.6234647631645203 172 16 192 33
class 0.7014498114585876 10 47 26 68
class 0.617510199546814 194 51 209 70
class 0.6446214318275452 207 51 222 68
class 0.689069390296936 71 64 84 83
class 0.6326157450675964 101 58 117 75
class 0.4252547025680542 144 55 162 76
class 0.5453031659126282 248 57 262 74
class 0.6616951823234558 161 73 178 92
class 0.6592386364936829 198 79 215 99
class 0.5814926028251648 24 96 37 115
class 0.6669778227806091 128 96 145 117
class 0.5713785886764526 258 89 274 107
class 0.7805070281028748 0 112 8 133
class 0.5775977373123169 76 112 89 129
class 0.683843195438385 35 127 50 145
class 0.32744017243385315 30 130 41 141
class 0.6328021883964539 78 145 92 161
class 0.6499101519584656 262 161 276 179
class 0.7142851948738098 290 175 299 194
class 0.674049437046051 52 184 69 201
class 0.5585076808929443 179 182 195 201
class 0.575964629650116 188 183 202 201
class 0.6409182548522949 128 208 145 227
class 0.5787678360939026 90 216 104 233
class 0.6710767149925232 188 217 201 237
class 0.737817645072937 250 214 264 232
class 0.5763651728630066 81 237 96 256
class 0.6302011609077454 141 239 159 259
class 0.6778762340545654 89 255 108 272
class 0.6485881805419922 190 253 205 272
class 0.7849255800247192 2 262 13 282
class 0.7331733703613281 17 268 34 288
class 0.7039222121238708 155 270 173 288
class 0.6717649698257446 214 269 231 287
class 0.6452160477638245 83 280 101 296
class 0.7294832468032837 111 282 126 297
class 0.4126569926738739 166 280 183 294
