class 0.6887132525444031 67 6 78 20
class 0.5481324195861816 100 14 113 30
class 0.5338099002838135 121 36 137 51
class 0.4431655704975128 254 28 272 45
class 0.7400299906730652 14 72 32 94
class 0.7261011600494385 22 76 35 91
class 0.4010526239871979 118 71 131 90
class 0.3166489005088806 183 72 201 88
class 0.4537639319896698 232 72 248 89
class 0.4188353419303894 267 71 285 89
class 0.5440183281898499 275 73 288 87
class 0.7940954566001892 13 93 31 113
class 0.4684622585773468 97 96 112 113
class 0.5793942809104919 293 92 299 109
class 0.5139449834823608 129 104 144 120
class 0.423126757144928 105 119 121 140
class 0.5131068229675293 75 143 90 165
class 0.681683361530304 112 146 127 163
class 0.6651437878608704 238 141 253 159
class 0.6953869462013245 268 154 280 171
class 0.5873002409934998 272 154 287 172
class 0.4546525478363037 280 156 295 174
class 0.557165265083313 273 176 286 192
class 0.5210853815078735 282 169 295 188
class 0.3828851282596588 291 170 297 188
class 0.557325005531311 36 189 50 208
class 0.37418100237846375 50 189 65 206
class 0.6352656483650208 85 188 100 205
class 0.4550635814666748 199 189 214 213
class 0.5539005994796753 162 200 177 218
class 0.5835940837860107 173 200 187 221
class 0.6635400652885437 264 201 277 220
class 0.7103960514068604 44 215 58 234
class 0.5877376794815063 204 222 217 240
class 0.3985287547111511 258 218 273 232
class 0.5470262765884399 265 216 276 232
class 0.653678297996521 4 233 12 250
class 0.33658668398857117 14 234 25 251
class 0.6218146085739136 208 230 223 249
class 0.3035808503627777 21 249 38 268
class 0.6573724150657654 163 248 178 266
class 0.651690661907196 175 249 191 267
class 0.6616327166557312 76 270 91 285
class 0.6087806820869446 113 281 131 296
class 0.5364565849304199 146 282 163 298
