class 0.5534407496452332 16 1 27 9
class 0.6754279732704163 161 1 175 7
class 0.6105161905288696 53 18 68 34
class 0.4989699125289917 51 29 70 47
class 0.6098722815513611 30 48 43 66
class 0.3079286813735962 60 43 75 61
class 0.3361302614212036 68 58 86 79
class 0.5202558040618896 75 64 89 80
class 0.31059956550598145 129 76 147 97
class 0.32277530431747437 149 76 163 95
class 0.49452149868011475 252 77 268 96
class 0.3748486042022705 264 74 278 93
class 0.4673255980014801 265 94 279 112
class 0.34691905975341797 36 112 50 129
class 0.4013657867908478 130 112 144 129
class 0.4080447554588318 140 106 154 126
class 0.6765783429145813 162 111 175 128
class 0.3362645208835602 51 123 67 139
class 0.5203092694282532 60 118 78 141
class 0.3163684904575348 131 124 147 140
class 0.3035881221294403 285 126 296 143
class 0.333562433719635 177 146 192 164
class 0.31959637999534607 2 156 8 173
class 0.6026883721351624 116 160 132 177
class 0.39500686526298523 165 157 178 174
class 0.5445409417152405 35 175 50 193
class 0.46427956223487854 50 172 69 189
class 0.5612414479255676 60 169 75 188
class 0.4582482874393463 122 171 138 193
class 0.45911332964897156 179 168 193 185
class 0.6477965712547302 232 167 249 187
class 0.46804094314575195 35 183 49 202
class 0.30166012048721313 124 182 139 202
class 0.5339681506156921 178 194 193 211
class 0.3394209146499634 187 188 202 207
class 0.3349170386791229 164 207 177 226
class 0.6043828129768372 208 201 225 218
class 0.5130205154418945 214 197 233 220
class 0.31501179933547974 51 221 67 239
class 0.47196531295776367 84 219 101 238
class 0.5181606411933899 94 221 106 238
class 0.32652947306632996 164 215 177 233
class 0.32708263397216797 157 274 171 289
class 0.48820310831069946 164 274 174 288
class 0.4368862211704254 294 273 299 289
class 0.3906918466091156 0 284 3 299
class 0.8167552947998047 1 283 11 299
class 0.39231494069099426 13 284 28 299
class 0.4635569453239441 21 286 33 299
class 0.37161511182785034 16 293 27 299
class 0.7331205606460571 52 283 66 297
class 0.34923115372657776 58 280 74 295
class 0.31529173254966736 77 282 91 297
class 0.4701540768146515 83 285 98 299
class 0.49532753229141235 110 284 124 299
class 0.6892476081848145 115 286 131 298
class 0.4026133120059967 113 293 124 299
class 0.6094337105751038 154 282 169 297
class 0.5054237246513367 157 291 169 299
class 0.722046434879303 210 284 225 299
class 0.4982508420944214 293 282 299 296
