class 0.4799821972846985 13 15 31 29
class 0.5446760654449463 114 19 129 35
class 0.390079528093338 152 15 168 30
class 0.33874255418777466 243 19 258 34
class 0.44593825936317444 250 17 265 31
class 0.3617740273475647 257 17 270 32
class 0.3798452913761139 81 33 98 50
class 0.6049692034721375 112 32 129 48
class 0.4083503186702728 107 36 121 49
class 0.5961290597915649 114 44 130 62
class 0.5552104115486145 153 44 168 60
class 0.5317574739456177 27 61 44 78
class 0.3018803000450134 256 62 274 84
class 0.38635507225990295 15 71 32 92
class 0.4246964156627655 23 74 35 90
class 0.5896230936050415 193 78 208 97
class 0.3930712938308716 0 91 2 106
class 0.7926264405250549 0 91 6 105
class 0.4094526469707489 44 89 62 107
class 0.37902966141700745 60 89 78 108
class 0.4354550540447235 76 89 94 109
class 0.34200066328048706 93 90 110 109
class 0.3860836923122406 138 88 158 108
class 0.3044293522834778 152 88 173 109
class 0.4757818281650543 172 87 190 107
class 0.30135706067085266 223 92 239 104
class 0.33036354184150696 216 87 238 108
class 0.3834174871444702 239 91 256 104
class 0.4107467234134674 249 87 267 106
class 0.3914753496646881 267 90 281 104
class 0.35625872015953064 286 90 298 105
class 0.5215001702308655 292 89 299 106
class 0.4195915460586548 100 112 114 127
class 0.7072904706001282 106 106 124 127
class 0.6067699193954468 187 112 202 131
class 0.44588184356689453 58 123 78 144
class 0.5267903804779053 98 123 110 139
class 0.3838786780834198 181 124 195 142
class 0.6673272848129272 186 124 203 141
class 0.45596450567245483 52 158 68 173
class 0.5162574052810669 57 154 77 176
class 0.4850137531757355 52 207 68 224
class 0.4655607044696808 57 205 75 227
class 0.39053860306739807 145 205 160 221
class 0.4314773380756378 137 202 157 224
class 0.37352195382118225 179 208 194 225
class 0.6007226705551147 180 219 193 234
class 0.3251897394657135 178 231 193 252
class 0.31189972162246704 191 231 212 252
class 0.6077955365180969 206 234 222 255
class 0.3121929168701172 97 263 118 282
class 0.43348440527915955 178 269 193 287
class 0.6247383952140808 207 271 223 290
