class 0.8556534051895142 19 0 34 14
class 0.7395535111427307 9 9 25 28
class 0.43228015303611755 168 10 181 25
class 0.5875605344772339 199 10 215 28
class 0.6845691800117493 283 17 297 35
class 0.48210540413856506 67 35 80 54
class 0.6826836466789246 54 40 67 59
class 0.5972564816474915 253 40 266 57
class 0.47174254059791565 24 62 41 85
class 0.6238319873809814 241 81 257 99
class 0.8233749270439148 281 80 295 100
class 0.608547031879425 226 109 242 127
class 0.6157538890838623 246 105 262 124
class 0.8333448171615601 2 125 16 144
class 0.4998588263988495 105 126 120 147
class 0.6240134835243225 168 126 184 147
class 0.6111487150192261 235 122 248 141
class 0.6801975965499878 287 118 299 137
class 0.6841105818748474 262 152 277 170
class 0.47483524680137634 67 170 82 189
class 0.46775180101394653 74 169 87 186
class 0.533710241317749 234 171 248 187
class 0.6887293457984924 271 174 287 195
class 0.566006064414978 54 186 67 205
class 0.6251287460327148 116 182 130 199
class 0.5825219750404358 256 187 271 203
class 0.30446943640708923 262 182 280 200
class 0.6503933072090149 285 184 299 202
class 0.4759059548377991 37 204 51 223
class 0.6246221661567688 136 203 152 220
class 0.6022778153419495 235 202 248 219
class 0.7556498050689697 37 218 52 236
class 0.6923478245735168 10 231 26 250
class 0.37724238634109497 19 234 33 250
class 0.4440528452396393 30 234 47 255
class 0.3645798861980438 168 231 185 250
class 0.4917580783367157 185 238 199 255
class 0.685939371585846 258 234 274 251
class 0.5597633719444275 29 244 43 264
class 0.3411717414855957 34 246 47 263
class 0.811712920665741 277 245 295 265
class 0.5553981065750122 36 290 49 299
class 0.42791807651519775 33 296 46 299
class 0.5649754405021667 228 287 248 299
