class 0.7002812623977661 53 27 68 41
class 0.6564701795578003 189 33 205 49
class 0.32199010252952576 286 27 298 41
class 0.7465311288833618 23 67 37 85
class 0.6990545988082886 240 61 257 81
class 0.3142433762550354 233 65 250 85
class 0.6557744145393372 101 81 115 99
class 0.3761352598667145 226 70 240 94
class 0.4070904850959778 80 98 94 117
class 0.32606956362724304 74 101 90 122
class 0.7231954336166382 123 106 138 124
class 0.4770638942718506 258 112 274 129
class 0.665330708026886 265 109 278 126
class 0.5510205626487732 289 110 299 127
class 0.7057453393936157 233 121 249 140
class 0.42730700969696045 282 120 295 136
class 0.7086989879608154 203 155 219 174
class 0.47267502546310425 20 176 36 197
class 0.6589452624320984 114 174 130 192
class 0.41790488362312317 209 173 224 189
class 0.46554356813430786 218 170 233 192
class 0.6255796551704407 100 185 115 203
class 0.31653475761413574 208 190 222 207
class 0.43865105509757996 224 187 238 204
class 0.6714287996292114 14 204 28 222
class 0.6029248237609863 74 202 88 222
class 0.3773694634437561 176 223 192 241
class 0.6092645525932312 193 215 208 233
class 0.5449967384338379 272 213 288 231
class 0.7069341540336609 33 237 50 259
class 0.3302428722381592 172 231 186 249
class 0.5261117815971375 207 238 222 257
class 0.40214478969573975 164 251 178 271
class 0.3244626522064209 256 252 273 272
class 0.5355592966079712 115 272 128 290
class 0.5623040795326233 177 262 192 282
class 0.7490569949150085 224 266 240 285
class 0.5159395337104797 257 267 274 286
class 0.49983450770378113 20 285 36 299
class 0.4112018644809723 107 280 124 295
