class 0.4668193459510803 39 50 53 68
class 0.42413124442100525 42 62 61 82
class 0.5814537405967712 50 64 67 82
class 0.4079655110836029 75 77 92 95
class 0.45766282081604004 177 73 194 91
class 0.5743691325187683 0 112 6 133
class 0.5784343481063843 36 113 51 132
class 0.47201651334762573 45 112 57 130
class 0.5666130185127258 250 110 267 129
class 0.5015600919723511 272 111 288 128
class 0.357138454914093 147 138 160 154
class 0.3719111680984497 83 153 96 170
class 0.35385748744010925 4 185 13 204
class 0.6429422497749329 12 187 27 202
class 0.37530699372291565 9 183 29 212
class 0.30552777647972107 100 207 114 224
class 0.3970598578453064 225 203 241 222
class 0.47134241461753845 272 201 289 221
class 0.3117465078830719 84 223 99 240
class 0.3518821597099304 90 217 108 238
class 0.6217280030250549 174 238 191 259
class 0.5549825429916382 43 264 55 285
class 0.3408617675304413 75 263 89 279
class 0.6356455683708191 42 283 56 298
class 0.37252360582351685 45 294 58 299
