class 0.748308002948761 49 3 65 12
class 0.8436851501464844 108 0 125 12
class 0.6661831736564636 209 2 222 8
class 0.8656148314476013 263 1 279 10
class 0.6117367148399353 35 49 51 65
class 0.43137383460998535 46 49 63 67
class 0.39458024501800537 233 45 246 59
class 0.5746767520904541 12 62 27 80
class 0.34910380840301514 19 64 34 79
class 0.6463838815689087 184 66 199 83
class 0.4988313615322113 276 78 289 94
class 0.760758638381958 37 96 51 112
class 0.6540682315826416 80 95 95 114
class 0.7152442336082458 154 92 170 111
class 0.6301300525665283 271 95 285 113
class 0.3323633074760437 106 108 121 128
class 0.37776607275009155 284 105 295 120
class 0.7371434569358826 5 139 16 156
class 0.717278778553009 15 137 28 155
class 0.4739089012145996 115 141 130 158
class 0.8387426137924194 129 137 143 154
class 0.35454699397087097 124 142 136 156
class 0.512640655040741 237 141 251 162
class 0.3589177131652832 248 140 263 158
class 0.5866219997406006 38 162 53 180
class 0.48222753405570984 242 154 256 174
class 0.401161789894104 275 171 289 190
class 0.5678646564483643 280 170 294 186
class 0.3900267779827118 257 204 273 219
class 0.5767051577568054 264 201 278 218
class 0.7549057006835938 16 217 29 231
class 0.7889441847801208 109 218 125 237
class 0.32631659507751465 146 223 158 235
class 0.3963219225406647 140 219 160 240
class 0.3931295871734619 160 223 173 235
class 0.4857200086116791 154 220 174 239
class 0.3236788511276245 176 222 188 234
class 0.422139972448349 168 218 190 238
class 0.37010830640792847 191 222 205 233
class 0.4706335663795471 186 218 206 238
class 0.3512856066226959 202 217 222 238
class 0.4057745635509491 218 217 238 238
class 0.351644366979599 235 218 255 237
class 0.5196910500526428 254 218 270 231
class 0.45937690138816833 266 218 283 230
class 0.5141552090644836 284 219 297 233
class 0.5755108594894409 292 220 299 234
class 0.7458158135414124 99 237 115 260
class 0.3697284758090973 143 230 166 252
class 0.41758209466934204 155 231 175 251
class 0.6706139445304871 12 253 27 274
class 0.8009645938873291 202 254 217 271
class 0.6054468750953674 266 253 280 267
class 0.40937551856040955 272 253 285 268
class 0.7708492279052734 22 265 38 283
class 0.40367797017097473 111 288 126 299
