class 0.7884527444839478 112 1 124 12
class 0.5717786550521851 125 6 139 18
class 0.4664718806743622 3 48 10 64
class 0.30331024527549744 106 61 120 77
class 0.6947623491287231 2 97 12 116
class 0.5644615888595581 106 96 121 115
class 0.34214749932289124 192 98 209 114
class 0.3973996043205261 256 98 271 113
class 0.49595168232917786 186 121 203 143
class 0.6854022741317749 34 144 49 159
class 0.5490524172782898 83 142 99 159
class 0.3048863112926483 98 141 115 158
class 0.5341669917106628 107 139 122 157
class 0.4786241948604584 255 158 270 175
class 0.458357572555542 115 176 129 193
class 0.4273601174354553 53 192 68 209
class 0.41185522079467773 116 186 132 204
class 0.6846723556518555 30 214 44 233
class 0.3039126992225647 210 224 226 240
class 0.593810498714447 224 222 239 240
class 0.35889971256256104 217 224 232 239
class 0.4284244477748871 166 257 179 274
class 0.4814132750034332 165 249 185 269
class 0.44050970673561096 191 250 207 270
class 0.5098980069160461 66 262 84 282
class 0.3713192343711853 99 268 117 287
class 0.41341379284858704 157 264 172 280
class 0.659144937992096 178 270 195 286
