class 0.6815634369850159 43 0 55 9
class 0.7367579936981201 131 5 145 20
class 0.3122340440750122 159 5 171 21
class 0.48291662335395813 287 4 297 15
class 0.6225039958953857 105 12 120 32
class 0.6947168707847595 161 11 175 29
class 0.672347366809845 73 34 88 52
class 0.8163571953773499 110 31 124 51
class 0.6720133423805237 247 41 262 59
class 0.6871155500411987 164 65 179 82
class 0.522350013256073 265 59 279 79
class 0.33442461490631104 36 78 47 96
class 0.4442211091518402 264 70 281 92
class 0.4298302233219147 276 74 285 91
class 0.5985434055328369 13 105 29 122
class 0.69952392578125 90 105 105 121
class 0.4712901711463928 86 128 100 147
class 0.6686099767684937 198 143 215 163
class 0.7116796970367432 60 160 75 181
class 0.7475214004516602 91 151 108 172
class 0.439584881067276 1 176 8 194
class 0.606551468372345 122 166 138 186
class 0.5713859796524048 243 177 258 195
class 0.8015531897544861 283 174 296 191
class 0.6988575458526611 0 185 10 206
class 0.5355275869369507 34 189 47 207
class 0.5211981534957886 132 189 149 210
class 0.6460850238800049 168 184 182 204
class 0.3220874071121216 130 206 147 224
class 0.5630463361740112 238 207 255 225
class 0.7124400734901428 1 215 9 231
class 0.7907987236976624 20 216 34 231
class 0.3879907727241516 44 214 56 228
class 0.6100237965583801 144 218 161 237
class 0.5012814402580261 184 214 199 232
class 0.3047361969947815 81 241 95 258
class 0.5449749231338501 209 229 229 252
class 0.4073435664176941 216 236 234 256
class 0.7350595593452454 273 239 287 257
class 0.6545708775520325 70 252 86 272
class 0.6015773415565491 76 250 89 268
class 0.47007039189338684 81 249 95 270
class 0.5931283831596375 91 253 104 269
class 0.743353009223938 258 253 271 272
class 0.6938315033912659 284 250 299 268
class 0.6817185282707214 89 262 105 281
