class 0.5262506008148193 20 2 32 9
class 0.6008926033973694 130 2 144 10
class 0.4044560492038727 139 0 154 6
class 0.8821499943733215 188 2 204 18
class 0.5208262801170349 272 10 287 25
class 0.3239494562149048 81 34 96 50
class 0.6478646397590637 113 36 130 52
class 0.3902636766433716 130 32 143 46
class 0.6759960651397705 49 45 63 62
class 0.32057079672813416 83 41 97 57
class 0.41509103775024414 130 44 144 58
class 0.4352847933769226 6 65 15 81
class 0.6185834407806396 30 63 45 81
class 0.38211169838905334 210 67 225 83
class 0.398282527923584 218 60 232 81
class 0.3588968813419342 225 64 236 79
class 0.6829604506492615 96 77 117 98
class 0.6632868051528931 113 73 132 94
class 0.46778613328933716 195 72 210 94
class 0.4019879996776581 210 75 223 95
class 0.7112981677055359 61 96 77 116
class 0.5701101422309875 194 97 211 115
class 0.3555017411708832 207 95 222 113
class 0.7880128026008606 131 112 145 132
class 0.31222712993621826 208 108 222 122
class 0.7117446064949036 3 145 16 164
class 0.6446805000305176 53 137 68 157
class 0.5079053640365601 193 137 207 154
class 0.4598848223686218 203 137 218 156
class 0.6577517986297607 11 155 26 171
class 0.6779642105102539 132 168 149 186
class 0.7355912327766418 226 171 243 187
class 0.3319644629955292 234 172 252 187
class 0.3899184465408325 253 172 270 183
class 0.32014966011047363 268 171 282 182
class 0.6395935416221619 293 168 299 184
class 0.6595150232315063 105 182 119 200
class 0.748994767665863 180 204 196 221
class 0.77162104845047 279 202 294 218
class 0.5271520614624023 227 216 243 234
class 0.6546412706375122 22 235 37 251
class 0.7482518553733826 132 240 144 258
class 0.6457375288009644 264 238 277 253
class 0.5893492698669434 116 245 132 263
class 0.6088892817497253 181 261 200 280
class 0.518563985824585 214 271 232 290
class 0.7065867185592651 234 267 249 283
class 0.6290335655212402 26 278 41 295
class 0.45738035440444946 130 288 147 299
