class 0.32525569200515747 32 0 48 5
class 0.8698503971099854 32 1 49 16
class 0.5934435129165649 42 2 56 13
class 0.5948109030723572 290 1 299 10
class 0.6059235334396362 106 17 121 36
class 0.5601451396942139 192 19 209 36
class 0.33092811703681946 186 22 202 35
class 0.742651104927063 234 16 249 34
class 0.5914980173110962 168 33 184 52
class 0.7722100615501404 192 27 207 44
class 0.30069854855537415 185 28 203 49
class 0.33335208892822266 200 28 215 46
class 0.4969477951526642 231 35 248 56
class 0.3274565041065216 115 51 126 67
class 0.40886715054512024 235 43 250 58
class 0.4687339663505554 239 44 257 61
class 0.6843181252479553 249 51 262 66
class 0.33621746301651 109 56 123 73
class 0.6217461824417114 14 73 31 92
class 0.5539896488189697 57 71 76 90
class 0.6546251773834229 8 90 26 106
class 0.4493125379085541 140 94 158 113
class 0.6461104154586792 173 90 191 110
class 0.46277886629104614 226 87 239 107
class 0.6624988913536072 0 114 10 134
class 0.48650065064430237 115 106 131 128
class 0.46477842330932617 279 103 293 120
class 0.759608268737793 97 124 112 143
class 0.5960675477981567 231 120 245 138
class 0.858593225479126 0 160 11 177
class 0.5608127117156982 44 158 55 173
class 0.6151725649833679 42 167 55 184
class 0.8461983799934387 255 172 272 190
class 0.6661283373832703 125 191 140 210
class 0.3236674964427948 288 189 299 208
class 0.609897255897522 295 190 299 207
class 0.6589234471321106 66 200 81 217
class 0.6177064180374146 186 218 205 239
class 0.6825305819511414 254 224 271 244
class 0.39942243695259094 295 220 299 235
class 0.8406652212142944 0 230 10 249
class 0.6425679326057434 184 256 198 274
class 0.43542176485061646 85 261 102 282
class 0.6397538185119629 90 268 106 285
class 0.6728321313858032 210 268 225 284
class 0.7375718355178833 261 267 278 284
class 0.7304348349571228 1 285 9 299
class 0.32818225026130676 90 281 106 294
class 0.5002109408378601 171 286 187 299
class 0.5025482177734375 179 287 192 298
class 0.3619810938835144 174 294 186 299
class 0.6353431344032288 215 285 233 299
class 0.35385239124298096 219 293 231 299
class 0.5733305811882019 241 285 256 298
class 0.7117564082145691 281 283 297 298
