class 0.4491350054740906 35 6 48 16
class 0.7222609519958496 96 5 108 18
class 0.5627946853637695 109 2 122 11
class 0.3957482576370239 171 3 185 14
class 0.3506993353366852 205 2 219 10
class 0.6171215176582336 38 16 53 32
class 0.5259673595428467 171 18 187 35
class 0.6404455304145813 138 26 152 45
class 0.36403608322143555 145 27 158 44
class 0.47895726561546326 155 31 168 47
class 0.4023900628089905 161 30 176 49
class 0.6868115663528442 180 30 195 51
class 0.48167139291763306 249 32 264 51
class 0.5609995126724243 264 29 278 44
class 0.5553387403488159 181 40 194 59
class 0.5149314403533936 241 49 257 65
class 0.6216629147529602 282 51 295 66
class 0.3105793297290802 288 50 297 68
class 0.5623582601547241 100 67 116 85
class 0.7030355930328369 136 75 152 91
class 0.42847734689712524 242 80 258 100
class 0.5647128224372864 250 73 266 94
class 0.8448702096939087 0 109 14 130
class 0.4733520746231079 201 102 215 122
class 0.49402564764022827 231 106 246 128
class 0.7583950757980347 14 123 31 142
class 0.4505431056022644 3 142 14 161
class 0.7720084190368652 58 157 74 178
class 0.35500943660736084 108 154 123 173
class 0.4717494249343872 162 159 179 177
class 0.5497359037399292 107 173 120 191
class 0.6346540451049805 203 175 217 193
class 0.5858631730079651 265 175 280 193
class 0.49459004402160645 280 184 295 202
class 0.42084968090057373 1 209 4 227
class 0.30570313334465027 274 205 287 224
class 0.5585816502571106 115 222 130 240
class 0.35225608944892883 121 228 134 239
class 0.644379198551178 83 235 97 252
class 0.6611751317977905 59 260 75 279
class 0.5597853660583496 67 260 80 278
class 0.45131051540374756 183 259 199 280
class 0.6059961318969727 3 284 13 299
