class 0.8549298644065857 68 1 83 16
class 0.465691477060318 196 2 209 10
class 0.7781127095222473 201 1 215 13
class 0.6102967262268066 95 25 108 44
class 0.6814183592796326 68 50 82 67
class 0.6916577219963074 227 46 242 62
class 0.511448085308075 236 51 249 65
class 0.8099590539932251 240 51 256 68
class 0.3403487503528595 247 54 261 67
class 0.34128686785697937 273 49 291 66
class 0.5708197355270386 286 49 297 68
class 0.4943203926086426 292 50 299 66
class 0.3896995186805725 1 56 7 72
class 0.6664409637451172 89 56 105 75
class 0.6142134666442871 136 66 151 82
class 0.7158687114715576 68 98 85 116
class 0.35807734727859497 75 103 85 114
class 0.7764720916748047 148 92 162 113
class 0.663221538066864 216 95 233 115
class 0.8052613139152527 284 88 299 105
class 0.6199068427085876 64 103 80 121
class 0.6459532380104065 102 111 115 134
class 0.40087172389030457 200 128 214 149
class 0.7528043985366821 282 128 295 148
class 0.8418263792991638 0 145 13 165
class 0.4644329249858856 117 140 133 162
class 0.38139230012893677 254 146 269 165
class 0.5639185309410095 57 153 74 172
class 0.3420467674732208 153 151 167 169
class 0.5499622821807861 186 156 201 176
class 0.7514112591743469 5 187 20 205
class 0.6694207787513733 20 206 37 224
class 0.7931066751480103 198 204 215 228
class 0.847682535648346 248 198 263 221
class 0.42685559391975403 152 214 167 234
class 0.3404983878135681 150 236 163 251
class 0.7228254079818726 276 240 289 260
class 0.593375563621521 33 255 49 274
class 0.3986474573612213 41 248 61 269
class 0.3570930063724518 52 251 65 266
class 0.40156450867652893 62 247 79 266
class 0.5316710472106934 71 249 83 264
class 0.6007682085037231 92 253 108 274
class 0.36873766779899597 98 256 110 271
class 0.6415504217147827 218 247 235 269
class 0.573714017868042 258 278 273 295
