class 0.44014742970466614 48 5 61 17
class 0.4112527668476105 193 0 209 7
class 0.3050439655780792 202 1 217 9
class 0.727371096611023 265 0 283 8
class 0.624267578125 41 9 57 28
class 0.45929548144340515 77 21 92 39
class 0.5440682172775269 115 14 132 32
class 0.5880190134048462 132 16 147 34
class 0.6144446730613708 260 15 274 33
class 0.5299230217933655 170 32 187 51
class 0.6755072474479675 196 33 210 53
class 0.30207353830337524 0 63 1 78
class 0.7271940112113953 0 64 5 78
class 0.5036039352416992 286 64 299 76
class 0.603420078754425 293 63 299 75
class 0.7332525849342346 38 79 53 95
class 0.4250846207141876 70 72 85 92
class 0.4822067320346832 105 81 124 100
class 0.3187747597694397 167 79 182 98
class 0.5366909503936768 152 111 166 131
class 0.7135840654373169 36 130 50 147
class 0.48347213864326477 129 126 145 144
class 0.530460000038147 146 125 161 143
class 0.5674970149993896 193 119 210 136
class 0.6667365431785583 200 120 217 137
class 0.7146957516670227 248 127 263 144
class 0.4573986828327179 65 146 80 162
class 0.6742346882820129 130 141 147 158
class 0.8024622797966003 283 143 296 160
class 0.5477306246757507 74 151 92 170
class 0.3160027861595154 131 156 147 173
class 0.6244946122169495 179 162 193 180
class 0.6156372427940369 130 169 148 187
class 0.6113695502281189 144 169 160 187
class 0.7548884153366089 216 192 230 210
class 0.6555339097976685 80 218 95 236
class 0.7382240295410156 250 219 264 238
class 0.7283229827880859 133 237 146 255
class 0.6811144351959229 131 252 149 271
class 0.7942067980766296 5 268 19 288
class 0.6720738410949707 105 265 120 281
class 0.3049847483634949 197 269 210 286
class 0.6780402064323425 200 263 215 281
class 0.453079491853714 274 272 288 291
class 0.6588518619537354 71 283 84 298
class 0.7117462754249573 195 282 210 296
class 0.6217955946922302 285 280 298 296
class 0.6345083117485046 292 281 299 294
