class 0.3029332160949707 78 4 92 15
class 0.34725603461265564 221 3 233 10
class 0.7799498438835144 238 2 254 11
class 0.44204187393188477 262 2 281 11
class 0.3979561924934387 99 21 115 37
class 0.5052862763404846 42 26 58 44
class 0.44547900557518005 89 30 109 45
class 0.3156432509422302 103 31 122 45
class 0.5976852774620056 68 49 83 68
class 0.740914523601532 163 43 178 59
class 0.490917444229126 195 68 210 86
class 0.4873427152633667 187 72 202 90
class 0.652491569519043 252 76 267 94
class 0.5728546977043152 19 105 38 125
class 0.591927707195282 99 110 116 128
class 0.4818814694881439 105 106 120 124
class 0.564876914024353 84 126 99 144
class 0.4192909598350525 90 119 106 140
class 0.3070644736289978 37 146 50 162
class 0.6190411448478699 51 156 67 173
class 0.30038049817085266 58 153 73 173
class 0.8787252902984619 2 167 14 186
class 0.5405697226524353 210 177 225 195
class 0.4009394347667694 203 182 220 204
class 0.6572328805923462 99 200 117 220
class 0.4575020670890808 177 207 191 224
class 0.47110599279403687 170 203 188 226
class 0.6713325381278992 0 223 11 246
class 0.30429449677467346 37 225 52 240
class 0.6813977360725403 50 224 67 242
class 0.327086865901947 57 223 73 244
class 0.5525888204574585 99 222 116 238
class 0.35465288162231445 123 220 141 238
class 0.3600524663925171 138 223 158 241
class 0.5329039096832275 171 221 187 241
class 0.6312193870544434 239 225 256 241
class 0.4281507730484009 282 225 296 242
class 0.3453528881072998 291 225 297 243
class 0.4149499833583832 162 229 179 249
class 0.5107983350753784 173 230 187 249
class 0.3501463234424591 266 265 283 281
class 0.42122578620910645 279 282 294 297
