class 0.5114984512329102 133 5 145 19
class 0.39677757024765015 138 5 149 17
class 0.44727370142936707 188 2 200 12
class 0.7204653024673462 1 18 13 39
class 0.6861793994903564 110 11 126 27
class 0.30881619453430176 185 12 199 28
class 0.3797426223754883 5 29 12 46
class 0.5068060755729675 158 34 173 54
class 0.4040323495864868 4 43 11 58
class 0.5152322053909302 11 42 26 58
class 0.5376870036125183 51 42 66 60
class 0.3020744323730469 60 42 74 59
class 0.3075489401817322 67 42 82 61
class 0.53597491979599 184 40 199 57
class 0.455050528049469 246 43 264 55
class 0.3032441735267639 203 65 217 81
class 0.6751187443733215 211 76 227 96
class 0.6198821067810059 234 72 248 92
class 0.6756143569946289 52 110 70 130
class 0.35171204805374146 61 111 75 128
class 0.5508678555488586 130 107 149 126
class 0.6136601567268372 138 111 154 131
class 0.6684337854385376 180 123 196 141
class 0.6755167841911316 242 128 260 144
class 0.3515215516090393 81 143 99 160
class 0.5720748901367188 67 152 82 171
class 0.655900776386261 272 161 288 181
class 0.34910207986831665 100 175 116 193
class 0.6258735060691833 203 172 219 192
class 0.6389757990837097 7 222 17 236
class 0.3644668757915497 10 221 24 239
class 0.67657071352005 52 213 69 233
class 0.3213067352771759 81 223 97 239
class 0.639872670173645 114 216 129 234
class 0.7095420956611633 154 222 168 242
class 0.40028637647628784 189 220 204 242
class 0.33259302377700806 83 233 96 251
class 0.3868072032928467 99 234 110 253
class 0.4704839289188385 195 231 211 250
class 0.518248975276947 268 232 283 249
class 0.5746527314186096 157 255 168 272
class 0.7607001066207886 200 250 215 269
class 0.5428521633148193 54 269 69 290
class 0.6765766739845276 269 265 285 281
class 0.6585146188735962 30 280 43 296
class 0.4316205084323883 100 279 118 295
class 0.5323386788368225 284 280 295 293
class 0.3520689904689789 290 280 299 293
