class 0.7260384559631348 115 4 132 21
class 0.33381232619285583 121 1 135 18
class 0.7011937499046326 147 11 164 27
class 0.5928465723991394 212 18 227 36
class 0.6924984455108643 31 35 49 52
class 0.31743985414505005 39 33 57 52
class 0.6633020639419556 187 32 203 52
class 0.45980745553970337 259 33 273 50
class 0.5561931729316711 154 40 167 57
class 0.6565449237823486 261 43 279 59
class 0.6132869124412537 13 61 28 82
class 0.4857008457183838 21 64 35 80
class 0.5436545610427856 72 55 88 75
class 0.6353177428245544 145 65 158 82
class 0.6787752509117126 196 72 210 91
class 0.7170194387435913 289 74 299 92
class 0.5128829479217529 74 103 88 124
class 0.664881706237793 194 104 211 122
class 0.8190732002258301 1 126 15 145
class 0.6073406338691711 118 128 133 148
class 0.5446847677230835 249 129 264 149
class 0.5647552609443665 33 158 48 179
class 0.729904055595398 26 160 42 180
class 0.5671184659004211 44 153 60 173
class 0.7013174891471863 163 152 179 172
class 0.7491729855537415 58 168 75 188
class 0.5118406414985657 139 167 157 187
class 0.716414749622345 58 185 72 204
class 0.6006458401679993 206 188 220 207
class 0.5349947214126587 180 198 195 216
class 0.6149730682373047 125 215 141 236
class 0.4774732291698456 25 240 42 261
class 0.40580108761787415 92 240 103 257
class 0.7055999040603638 274 233 289 251
class 0.8517264723777771 3 254 15 274
class 0.345833957195282 23 247 36 267
class 0.7554392218589783 34 254 51 273
class 0.635588526725769 27 252 45 275
class 0.4765293002128601 90 247 103 263
class 0.5400767922401428 38 281 58 299
class 0.6812267303466797 219 280 233 296
class 0.6566168069839478 246 286 264 299
