class 0.5646676421165466 34 5 46 17
class 0.4270150363445282 62 3 76 13
class 0.44559523463249207 98 3 113 13
class 0.4140123426914215 109 5 122 18
class 0.6663680076599121 194 1 212 15
class 0.5855441093444824 202 4 216 17
class 0.44784870743751526 239 6 256 18
class 0.39669838547706604 265 5 286 20
class 0.39221757650375366 287 5 299 17
class 0.6300809383392334 107 13 125 27
class 0.3581896722316742 156 17 172 34
class 0.6322140097618103 210 29 224 45
class 0.30950596928596497 83 43 97 60
class 0.442592978477478 12 58 28 75
class 0.34540224075317383 85 63 99 82
class 0.5292441248893738 263 62 281 82
class 0.404380202293396 272 65 286 84
class 0.42692404985427856 283 72 295 88
class 0.42370909452438354 83 88 97 105
class 0.4384433627128601 179 98 196 119
class 0.48119640350341797 191 97 206 118
class 0.6807010173797607 13 110 28 126
class 0.5583286285400391 52 109 68 127
class 0.4832931458950043 106 112 121 133
class 0.33587148785591125 216 106 234 131
class 0.5652295351028442 266 126 278 141
class 0.6278830170631409 192 143 207 162
class 0.5431827902793884 208 143 224 163
class 0.5974006056785583 256 141 271 157
class 0.3930761516094208 128 160 143 177
class 0.45284757018089294 122 157 138 179
class 0.43426716327667236 209 153 224 171
class 0.513817310333252 224 191 240 210
class 0.5536216497421265 34 219 51 235
class 0.531917929649353 77 214 92 234
class 0.5269266963005066 122 219 138 238
class 0.5852992534637451 258 218 273 233
class 0.4409349262714386 21 236 38 254
class 0.35371434688568115 34 234 50 255
class 0.6152408719062805 115 238 133 258
class 0.5400395393371582 125 233 143 252
class 0.6852694749832153 268 255 282 272
class 0.5551534295082092 197 261 216 279
