class 0.8521698713302612 90 2 106 21
class 0.4012741446495056 219 6 234 15
class 0.5885850191116333 161 21 176 37
class 0.7436780333518982 270 11 289 32
class 0.4097999334335327 159 27 173 42
class 0.5062370896339417 167 27 183 43
class 0.7229599356651306 278 31 294 48
class 0.7193745374679565 138 40 158 59
class 0.5820757150650024 93 62 109 81
class 0.605230987071991 228 57 243 75
class 0.7190160751342773 253 63 269 84
class 0.5267085433006287 0 79 1 94
class 0.7491178512573242 0 79 5 93
class 0.4371567964553833 0 80 1 91
class 0.5931699275970459 29 74 46 90
class 0.4253248870372772 115 77 130 94
class 0.6233303546905518 140 74 158 92
class 0.6502713561058044 53 98 68 116
class 0.39260125160217285 57 103 70 113
class 0.6535570025444031 123 104 140 122
class 0.6504441499710083 146 113 162 132
class 0.805462658405304 286 110 299 131
class 0.517503023147583 51 129 67 149
class 0.6404471397399902 97 121 112 140
class 0.348124235868454 91 123 105 140
class 0.5334271192550659 105 127 122 146
class 0.6868524551391602 263 127 276 145
class 0.5883224606513977 108 140 122 160
class 0.728415846824646 187 136 203 156
class 0.4220888614654541 49 158 62 173
class 0.6243991851806641 208 151 223 169
class 0.5898805856704712 43 172 55 191
class 0.5830338597297668 248 188 261 208
class 0.6514600515365601 53 207 68 227
class 0.6277880668640137 160 207 175 226
class 0.5784945487976074 194 210 208 226
class 0.7833812832832336 281 198 295 217
class 0.5099194645881653 127 213 141 231
class 0.6219885349273682 155 216 169 236
class 0.6181185841560364 35 231 53 247
class 0.8938400149345398 6 255 17 273
class 0.7452264428138733 46 248 64 269
class 0.5469539165496826 204 253 220 272
class 0.7527035474777222 11 266 26 284
class 0.5361294150352478 117 270 136 289
class 0.3854560852050781 262 266 280 284
class 0.7718828916549683 279 269 295 288
class 0.6005313992500305 42 278 57 293
