class 0.7428672909736633 18 5 30 17
class 0.496163010597229 12 10 29 26
class 0.3955225944519043 164 16 177 32
class 0.33439043164253235 169 9 188 30
class 0.32038414478302 178 10 190 29
class 0.5072727799415588 175 32 193 54
class 0.4144492745399475 198 29 216 46
class 0.41554853320121765 201 55 216 76
class 0.40249142050743103 208 80 224 100
class 0.7129777669906616 122 90 138 107
class 0.4847419857978821 15 110 29 124
class 0.6177236437797546 235 125 251 144
class 0.7608988285064697 98 139 113 156
class 0.5047314167022705 13 152 28 169
class 0.5914916396141052 148 159 164 178
class 0.3416682481765747 157 160 172 177
class 0.6048299074172974 147 170 162 187
class 0.4092733561992645 152 165 168 185
class 0.4169571101665497 242 168 257 185
class 0.6018747091293335 68 210 84 225
class 0.3446591794490814 138 205 154 226
class 0.565296471118927 68 235 85 253
class 0.5136128664016724 154 249 170 263
class 0.4689885675907135 265 255 279 270
class 0.5421329140663147 0 284 3 297
class 0.7954580783843994 0 283 7 298
class 0.34425088763237 34 283 51 296
class 0.38759180903434753 66 283 83 297
class 0.4055585265159607 77 283 91 294
class 0.49254873394966125 81 281 98 297
class 0.5909767150878906 144 282 161 296
class 0.33276495337486267 141 291 157 298
class 0.47038260102272034 208 285 226 299
class 0.30967414379119873 203 292 223 299
class 0.4629038870334625 217 286 230 297
class 0.31372135877609253 216 291 235 299
