class 0.8281340599060059 121 0 138 12
class 0.707570493221283 186 0 204 8
class 0.8219655752182007 254 3 270 17
class 0.7076161503791809 23 21 35 39
class 0.7565717101097107 67 20 83 39
class 0.6044390201568604 232 18 247 35
class 0.48383548855781555 248 15 265 28
class 0.4405128061771393 247 19 267 33
class 0.6934285163879395 115 25 132 43
class 0.3830834925174713 169 39 182 51
class 0.6905338764190674 70 43 85 64
class 0.3208051919937134 170 41 187 60
class 0.6638168692588806 237 51 252 68
class 0.6408572196960449 18 60 31 78
class 0.3642050325870514 78 61 97 80
class 0.4234217405319214 241 58 258 79
class 0.5254080295562744 253 62 267 78
class 0.531860888004303 11 81 26 101
class 0.3734687864780426 18 83 31 101
class 0.3791186213493347 114 77 130 95
class 0.7864887714385986 131 79 148 99
class 0.6998462677001953 180 73 196 92
class 0.6011651754379272 247 73 262 91
class 0.46924468874931335 48 98 65 116
class 0.867945671081543 1 110 14 127
class 0.6805325150489807 53 107 68 126
class 0.6229957938194275 96 105 112 126
class 0.6568079590797424 273 108 288 125
class 0.5811017155647278 160 143 174 162
class 0.6119357347488403 200 144 216 163
class 0.5883406400680542 227 146 242 166
class 0.603590726852417 33 153 50 171
class 0.7123507261276245 145 158 162 174
class 0.385055273771286 138 159 154 174
class 0.47828227281570435 153 151 167 168
class 0.6243663430213928 199 154 214 171
class 0.5921164155006409 116 167 133 185
class 0.608761191368103 265 183 280 200
class 0.740519106388092 285 185 296 203
class 0.6364918947219849 9 208 25 226
class 0.6296170949935913 256 215 269 234
class 0.7474019527435303 1 240 9 257
class 0.6064829230308533 36 234 50 249
class 0.5521447658538818 287 240 299 254
class 0.6408153772354126 294 239 299 255
class 0.6030769944190979 3 249 11 266
class 0.44619569182395935 12 253 29 270
class 0.40648138523101807 19 255 36 272
class 0.38228392601013184 113 253 127 268
class 0.4641675353050232 107 260 121 269
class 0.3559487462043762 147 250 163 266
class 0.5455641150474548 21 260 38 283
class 0.684222400188446 100 263 115 281
class 0.6150252223014832 175 265 191 284
class 0.3577813506126404 203 266 217 285
class 0.4960353374481201 209 266 225 286
class 0.3571826219558716 43 284 56 298
class 0.4119216799736023 45 293 59 299
class 0.5253800749778748 230 285 245 299
class 0.41337063908576965 271 289 286 299
