class 0.7840833067893982 201 0 215 9
class 0.5629032254219055 12 14 26 30
class 0.659936785697937 146 9 163 28
class 0.6188777089118958 219 17 235 36
class 0.41580167412757874 192 52 210 69
class 0.6605821251869202 262 53 278 67
class 0.5896664261817932 56 56 72 74
class 0.40761739015579224 165 67 179 85
class 0.6418045163154602 196 61 210 79
class 0.5679337978363037 14 75 30 91
class 0.5807577967643738 116 81 131 98
class 0.7585435509681702 99 96 114 114
class 0.36582666635513306 91 93 109 113
class 0.7442741394042969 104 93 123 117
class 0.7201377153396606 129 91 145 108
class 0.3331032991409302 145 92 161 110
class 0.35572972893714905 152 89 167 109
class 0.6674120426177979 238 98 253 118
class 0.750222384929657 122 110 139 130
class 0.7527581453323364 179 113 194 131
class 0.6281653046607971 217 118 233 137
class 0.7351404428482056 179 144 193 163
class 0.31549975275993347 107 149 120 170
class 0.6801591515541077 20 175 39 193
class 0.43096381425857544 90 168 106 187
class 0.621958315372467 132 176 146 196
class 0.6837308406829834 238 169 259 192
class 0.5684161186218262 38 191 52 209
class 0.6837018728256226 108 185 124 204
class 0.7383946776390076 188 190 200 210
class 0.6437849402427673 253 189 271 209
class 0.32578209042549133 249 196 259 205
class 0.4267335832118988 263 186 275 202
class 0.8306601047515869 0 209 12 228
class 0.7394185066223145 101 199 117 218
class 0.5717915892601013 173 223 189 244
class 0.6866467595100403 273 217 289 236
class 0.8786625266075134 0 240 13 260
class 0.7250970602035522 165 246 180 265
class 0.6659126877784729 70 271 83 289
class 0.4155294597148895 113 267 130 282
class 0.3171440362930298 128 268 143 285
class 0.5656659007072449 249 266 263 281
class 0.40898120403289795 256 268 265 280
class 0.3761043846607208 293 269 299 282
class 0.6266328692436218 13 278 26 297
class 0.6115878820419312 75 283 91 298
class 0.6487082839012146 81 285 96 299
