class 0.4366208612918854 0 0 6 9
class 0.7474586963653564 42 2 56 16
class 0.30936604738235474 173 4 189 13
class 0.4696785509586334 207 3 222 15
class 0.5437783598899841 288 1 299 14
class 0.4882514476776123 265 13 280 26
class 0.3095555305480957 230 32 246 50
class 0.6587836742401123 147 46 162 62
class 0.4007546603679657 267 65 283 84
class 0.6203465461730957 111 81 127 98
class 0.4090656042098999 264 72 280 89
class 0.39666804671287537 13 109 27 123
class 0.5481789112091064 106 102 120 122
class 0.6251732707023621 147 113 164 130
class 0.6659818291664124 178 114 194 131
class 0.561683177947998 46 135 59 155
class 0.3912986218929291 85 162 97 178
class 0.6302317380905151 193 153 207 170
class 0.40970006585121155 43 173 57 192
class 0.5375357270240784 61 174 75 193
class 0.5283876657485962 209 172 225 190
class 0.4961691200733185 35 186 49 201
class 0.3448560833930969 74 189 91 209
class 0.30040669441223145 106 183 122 203
class 0.6052761673927307 207 190 222 209
class 0.3380395770072937 90 201 108 223
class 0.6185811758041382 139 197 155 216
class 0.3519943356513977 179 201 194 219
class 0.4953312575817108 44 223 57 241
class 0.3030640482902527 37 229 52 250
class 0.574246883392334 226 232 241 249
class 0.45475849509239197 234 233 248 250
class 0.577519953250885 1 252 11 272
class 0.42414146661758423 178 264 195 282
class 0.36987292766571045 136 289 153 299
