class 0.40798893570899963 3 0 8 4
class 0.6095550060272217 3 0 12 7
class 0.3597649335861206 2 1 5 3
class 0.720459520816803 78 11 96 29
class 0.7294753193855286 69 33 84 50
class 0.6091398000717163 160 32 177 52
class 0.46192172169685364 242 26 258 45
class 0.5163999795913696 112 51 128 68
class 0.606372594833374 195 41 210 60
class 0.689108669757843 237 47 253 66
class 0.31770238280296326 233 48 245 68
class 0.5516735315322876 202 62 214 77
class 0.5543672442436218 37 80 50 96
class 0.5437300801277161 106 75 121 94
class 0.4397742748260498 127 75 140 92
class 0.688248872756958 131 73 147 94
class 0.6570361852645874 194 93 211 111
class 0.4758870601654053 256 100 270 117
class 0.7006272077560425 226 105 242 123
class 0.5676495432853699 15 128 26 145
class 0.5391121506690979 85 130 101 149
class 0.7288600206375122 136 122 152 140
class 0.4708343744277954 241 130 257 148
class 0.5581123232841492 227 142 243 158
class 0.3563503324985504 263 151 277 167
class 0.3319471776485443 211 177 228 198
class 0.6481046676635742 208 185 225 204
class 0.3489587604999542 203 192 213 202
class 0.6356137990951538 73 200 87 218
class 0.3267170488834381 112 208 126 225
class 0.3906018137931824 106 204 123 227
class 0.6478033065795898 250 205 265 224
class 0.5896998643875122 275 198 289 218
class 0.5563071966171265 138 222 151 240
class 0.7030668258666992 3 238 14 260
class 0.349438339471817 22 237 36 257
class 0.3645686209201813 29 238 43 255
class 0.40906044840812683 98 239 109 257
class 0.45001187920570374 131 238 145 256
class 0.32473161816596985 144 235 159 254
class 0.3129507303237915 138 242 150 254
class 0.5877153873443604 157 238 173 255
class 0.30500108003616333 209 236 225 258
class 0.4476271867752075 284 241 296 255
class 0.4809004068374634 292 239 299 257
class 0.40273618698120117 5 251 14 269
class 0.42539182305336 93 250 108 265
class 0.4590393602848053 98 248 113 269
class 0.3995243310928345 116 251 130 273
class 0.5539417266845703 130 250 146 269
class 0.36433032155036926 122 255 139 271
class 0.5302504897117615 265 252 281 265
class 0.41454237699508667 272 251 286 268
class 0.7110639214515686 3 265 18 285
class 0.3845851719379425 51 266 67 288
class 0.40490177273750305 112 263 129 284
class 0.38944634795188904 137 264 157 280
class 0.5195750594139099 163 266 181 285
class 0.31761589646339417 173 263 190 283
class 0.46866458654403687 18 283 34 298
class 0.6399983763694763 50 284 67 299
