class 0.3211521804332733 39 4 53 15
class 0.8377451300621033 46 3 61 18
class 0.8524177670478821 185 1 200 19
class 0.7219027280807495 233 2 247 19
class 0.8104721903800964 254 3 268 20
class 0.7845515012741089 273 2 288 19
class 0.4813677966594696 283 2 292 18
class 0.6898713707923889 149 18 164 35
class 0.3363187313079834 156 15 173 33
class 0.3528255522251129 63 35 78 54
class 0.6750214695930481 128 30 143 47
class 0.3072449564933777 147 30 162 47
class 0.331401526927948 161 32 177 49
class 0.5568482279777527 177 34 193 52
class 0.4278024733066559 255 34 270 52
class 0.5231220126152039 289 35 299 53
class 0.34726372361183167 13 48 27 63
class 0.530644953250885 58 44 74 60
class 0.4033370912075043 59 53 71 65
class 0.6990764737129211 226 51 241 67
class 0.5803925395011902 26 63 41 80
class 0.7681097388267517 55 59 68 78
class 0.6024704575538635 116 62 128 80
class 0.6863832473754883 184 63 198 82
class 0.3428671061992645 8 75 16 88
class 0.3519837558269501 9 71 26 92
class 0.3397570252418518 61 95 73 112
class 0.6470776796340942 83 90 97 107
class 0.4705544710159302 118 97 130 115
class 0.6409169435501099 203 95 219 114
class 0.7102729678153992 98 112 115 130
class 0.41107454895973206 98 139 114 157
class 0.6037370562553406 167 137 184 157
class 0.6337503790855408 105 158 120 176
class 0.7213086485862732 194 160 210 180
class 0.5906829833984375 37 176 52 193
class 0.40169262886047363 59 167 73 189
class 0.308886855840683 130 176 147 198
class 0.5451080799102783 165 173 180 191
class 0.44161736965179443 191 171 206 186
class 0.3531038165092468 185 174 201 191
class 0.8240928053855896 123 186 138 205
class 0.6718919277191162 172 192 187 210
class 0.4184853732585907 23 205 36 226
class 0.5616109371185303 22 222 37 241
class 0.7316150069236755 280 223 296 240
class 0.36501315236091614 72 238 82 255
class 0.7967239618301392 5 256 20 274
class 0.3860912621021271 64 254 78 272
class 0.5623499155044556 71 254 83 271
class 0.7274270057678223 68 267 81 285
class 0.6249374151229858 113 271 127 289
class 0.6501395106315613 203 268 219 287
class 0.39221474528312683 59 282 73 296
class 0.37442028522491455 62 293 75 299
class 0.564123272895813 178 281 191 298
class 0.7479605674743652 260 286 278 299
class 0.7678139209747314 287 278 299 297
