class 0.8121097683906555 140 0 155 12
class 0.7625399827957153 204 4 217 18
class 0.5151124596595764 256 3 270 16
class 0.47859999537467957 264 3 282 12
class 0.4675070345401764 290 2 299 12
class 0.4076401889324188 13 16 26 29
class 0.627524197101593 167 15 188 34
class 0.3373883366584778 169 22 181 35
class 0.4346235394477844 202 11 217 30
class 0.4003762900829315 214 12 232 31
class 0.3509097695350647 243 19 259 35
class 0.30490970611572266 245 14 264 28
class 0.5332348942756653 156 31 171 48
class 0.4933615028858185 242 29 260 52
class 0.5693408846855164 265 34 283 50
class 0.8037863373756409 6 49 19 66
class 0.5904672741889954 86 45 99 61
class 0.6741361618041992 92 43 105 59
class 0.3820141553878784 169 42 189 64
class 0.3641395568847656 179 45 192 62
class 0.4058510661125183 144 63 160 84
class 0.6145749092102051 263 61 281 79
class 0.41779428720474243 271 64 285 78
class 0.44800814986228943 292 70 299 82
class 0.6912391781806946 65 73 82 91
class 0.4092598855495453 178 71 193 90
class 0.4291668236255646 153 95 171 114
class 0.5611429214477539 21 107 37 126
class 0.720761775970459 30 106 45 126
class 0.7213616967201233 126 113 142 132
class 0.6830492615699768 155 109 169 128
class 0.6648318767547607 283 113 296 131
class 0.36473163962364197 290 112 298 130
class 0.7602790594100952 206 122 221 141
class 0.5933972597122192 91 141 107 158
class 0.592164158821106 234 160 250 179
class 0.4138036370277405 14 175 28 191
class 0.5445013046264648 258 178 272 196
class 0.5721144080162048 110 187 126 206
class 0.3540533185005188 106 191 118 207
class 0.65178382396698 184 189 200 209
class 0.3571898341178894 187 198 201 220
class 0.5548797249794006 36 221 50 241
class 0.6540444493293762 187 220 201 239
class 0.4634104073047638 286 222 298 237
class 0.4433102309703827 43 232 58 250
class 0.7929463982582092 100 248 117 264
class 0.5049729347229004 194 246 210 264
class 0.6550040245056152 216 271 229 288
class 0.6318575143814087 33 286 49 299
class 0.5389182567596436 31 292 46 299
