class 0.8269261121749878 77 3 92 20
class 0.6712672114372253 168 0 183 7
class 0.722495973110199 209 5 227 18
class 0.7448532581329346 242 1 257 13
class 0.6350159049034119 26 19 42 36
class 0.5895143151283264 79 17 98 36
class 0.43443143367767334 216 11 230 24
class 0.49924373626708984 89 31 104 48
class 0.7701334357261658 85 46 99 67
class 0.5758812427520752 198 50 215 67
class 0.5585383176803589 169 63 185 80
class 0.6480621099472046 27 79 43 98
class 0.6528600454330444 105 81 120 100
class 0.5915053486824036 196 95 212 112
class 0.5542322397232056 69 112 85 131
class 0.5904825329780579 163 104 180 121
class 0.43695834279060364 193 113 207 131
class 0.5991190671920776 201 128 215 145
class 0.4699804484844208 273 130 290 149
class 0.6072328090667725 154 135 174 155
class 0.6124221682548523 222 145 241 164
class 0.5738043189048767 245 142 263 160
class 0.4030473232269287 62 154 77 171
class 0.4857700765132904 99 162 114 179
class 0.6893463134765625 112 154 127 171
class 0.3635292649269104 108 162 118 172
class 0.6579067707061768 13 173 27 191
class 0.3889627158641815 58 177 74 196
class 0.525056779384613 266 174 278 193
class 0.6406499743461609 231 183 248 204
class 0.6770345568656921 273 187 289 206
class 0.7943170666694641 0 214 9 231
class 0.4060260057449341 155 222 166 237
class 0.4929380714893341 190 215 204 233
class 0.682016909122467 35 239 51 257
class 0.5047914385795593 152 234 166 253
class 0.3196192979812622 155 241 162 255
class 0.6401280164718628 57 254 74 277
class 0.35590246319770813 63 257 77 274
class 0.6720123291015625 235 245 253 265
class 0.591221272945404 31 272 46 289
class 0.7248567342758179 13 283 26 297
class 0.3014271557331085 244 288 258 299
class 0.7147302627563477 269 281 286 299
