class 0.3842698633670807 205 1 217 6
class 0.766765832901001 290 0 299 11
class 0.6749962568283081 38 19 53 36
class 0.5772450566291809 86 18 100 36
class 0.603840708732605 12 29 27 47
class 0.6189180612564087 18 31 32 46
class 0.7495648264884949 38 51 51 68
class 0.6813435554504395 88 48 99 65
class 0.5302606821060181 171 56 179 67
class 0.730640709400177 227 42 243 58
class 0.5402028560638428 133 67 145 86
class 0.5972415804862976 168 55 184 72
class 0.5789273381233215 258 69 273 84
class 0.5210988521575928 128 75 145 94
class 0.6459419131278992 277 82 294 97
class 0.8366726636886597 3 107 15 121
class 0.6640479564666748 20 106 35 123
class 0.3444310426712036 14 110 27 124
class 0.3058662712574005 26 105 41 122
class 0.6808182597160339 147 107 164 120
class 0.35605505108833313 155 105 172 120
class 0.7666577100753784 201 104 217 122
class 0.6257482171058655 21 128 37 145
class 0.5661169290542603 121 128 140 148
class 0.7816568613052368 105 146 119 164
class 0.7032849192619324 125 143 137 159
class 0.5792471766471863 242 140 259 159
class 0.6633813381195068 42 160 59 180
class 0.5718684196472168 122 150 139 168
class 0.4691007137298584 202 154 219 173
class 0.5831784605979919 227 154 242 174
class 0.4064353406429291 241 157 257 174
class 0.3073999285697937 232 159 248 172
class 0.6617261171340942 247 159 262 178
class 0.48693332076072693 265 156 278 173
class 0.611387312412262 289 150 299 169
class 0.7451743483543396 288 176 299 192
class 0.6032828688621521 163 180 179 200
class 0.605527937412262 246 192 262 211
class 0.5448580384254456 112 208 126 226
class 0.7040808796882629 51 223 66 241
class 0.5146074891090393 85 225 100 244
class 0.7057109475135803 114 223 130 240
class 0.3839339315891266 121 220 136 239
class 0.7220720648765564 288 224 299 241
class 0.3258352279663086 54 240 74 259
class 0.5676178932189941 183 237 198 256
class 0.5875290632247925 223 232 240 251
class 0.6514759659767151 43 259 57 279
class 0.4385713040828705 48 261 60 277
class 0.800822377204895 283 277 298 297
