class 0.7964723706245422 168 0 184 11
class 0.6936367154121399 224 2 239 11
class 0.7823302745819092 240 5 254 13
class 0.7869623303413391 14 12 30 29
class 0.6138001084327698 140 26 156 42
class 0.5913538336753845 206 26 221 43
class 0.8128730058670044 3 48 16 67
class 0.43899521231651306 273 51 289 70
class 0.7054433226585388 17 78 33 96
class 0.6048425436019897 66 78 81 96
class 0.6115822196006775 128 73 145 93
class 0.5277597308158875 76 98 93 117
class 0.8289862275123596 225 96 240 118
class 0.7663291096687317 3 113 15 131
class 0.6065766215324402 50 109 66 128
class 0.679200291633606 136 108 152 126
class 0.7340378165245056 248 112 262 129
class 0.7428637146949768 3 121 15 138
class 0.6017807126045227 224 129 238 148
class 0.3685590624809265 137 135 152 152
class 0.5611849427223206 183 135 199 153
class 0.722531795501709 256 144 273 162
class 0.5610580444335938 265 145 278 163
class 0.5228621363639832 271 145 284 162
class 0.5944436192512512 46 160 60 181
class 0.5430086255073547 209 162 226 181
class 0.7264871001243591 52 171 67 190
class 0.5554354786872864 90 170 107 190
class 0.5309522151947021 247 177 262 196
class 0.595964252948761 160 208 176 225
class 0.5193294286727905 275 204 288 221
class 0.594326913356781 105 225 119 242
class 0.4334481656551361 255 213 273 235
class 0.40852978825569153 257 218 266 232
class 0.47331294417381287 178 240 194 261
class 0.652860701084137 195 230 210 250
class 0.5840107202529907 285 238 299 257
class 0.473324716091156 223 255 239 273
class 0.6103314757347107 261 256 271 271
class 0.5887309312820435 120 271 135 286
class 0.5897377133369446 249 266 267 283
class 0.49400976300239563 0 281 3 296
class 0.6988562941551208 1 281 7 296
class 0.3915988504886627 1 284 3 295
class 0.3916761875152588 1 283 2 296
class 0.31884029507637024 14 280 27 294
class 0.4238235354423523 20 282 35 293
class 0.5612657070159912 38 286 52 298
class 0.3135409653186798 33 293 46 298
class 0.7390000224113464 42 283 57 297
class 0.5284959673881531 46 293 56 298
class 0.32433152198791504 100 285 115 298
class 0.6074877977371216 150 288 169 299
class 0.6932270526885986 182 287 200 299
