class 0.6002916693687439 248 2 263 11
class 0.8037253022193909 5 10 20 25
class 0.5049163699150085 41 11 55 25
class 0.4520171880722046 89 11 103 24
class 0.5918068885803223 143 18 156 36
class 0.6979718804359436 204 11 221 28
class 0.6489120125770569 11 32 27 50
class 0.4020240008831024 18 36 32 50
class 0.38708072900772095 236 23 251 44
class 0.39908090233802795 242 25 257 43
class 0.6704332828521729 251 33 267 50
class 0.6033631563186646 102 45 115 63
class 0.6397823095321655 70 61 85 79
class 0.6390584111213684 102 65 121 80
class 0.6187079548835754 12 78 27 94
class 0.6149336695671082 86 75 105 90
class 0.6359634399414062 210 71 227 90
class 0.5332515239715576 180 91 195 108
class 0.5327581167221069 248 93 262 110
class 0.7299283742904663 80 112 96 131
class 0.6988443732261658 152 109 166 126
class 0.7699443697929382 0 127 9 145
class 0.7628206610679626 241 122 260 143
class 0.8394686579704285 274 128 289 144
class 0.7829214930534363 0 143 10 161
class 0.41506659984588623 163 143 180 161
class 0.8516198992729187 271 145 288 164
class 0.3332929313182831 292 145 299 165
class 0.4226897954940796 147 160 164 178
class 0.6441802978515625 30 170 43 187
class 0.6169552803039551 113 174 128 192
class 0.7472133040428162 176 171 193 190
class 0.39561790227890015 169 173 188 194
class 0.4747811555862427 31 185 45 203
class 0.774068295955658 172 189 184 206
class 0.5305730700492859 1 218 2 232
class 0.8212630152702332 1 217 7 232
class 0.3212149441242218 1 219 2 231
class 0.3626347482204437 1 220 1 232
class 0.32548874616622925 0 222 1 233
class 0.3843594789505005 16 217 36 232
class 0.3147742450237274 94 216 109 233
class 0.3336142301559448 193 212 212 231
class 0.3547062575817108 203 214 218 230
class 0.48998647928237915 251 214 264 234
class 0.6377986073493958 37 237 54 257
class 0.5271704792976379 65 240 82 262
class 0.5681129693984985 258 239 274 258
class 0.6228505969047546 289 233 299 252
class 0.5886407494544983 264 274 281 289
class 0.5874437689781189 166 281 182 298
