class 0.6699864864349365 284 4 295 20
class 0.5910232663154602 65 17 81 33
class 0.581786572933197 81 18 97 35
class 0.7025680541992188 264 11 277 27
class 0.5263335108757019 61 31 76 49
class 0.5980035066604614 67 33 81 50
class 0.6381499171257019 115 34 131 53
class 0.5402573347091675 124 33 141 51
class 0.6055567264556885 194 49 208 67
class 0.601668119430542 202 42 216 58
class 0.7083633542060852 64 58 80 77
class 0.594754159450531 233 67 247 86
class 0.5837105512619019 257 56 274 76
class 0.605995774269104 145 79 161 98
class 0.4083178639411926 157 81 174 101
class 0.3358718752861023 195 81 208 102
class 0.42687228322029114 142 94 159 112
class 0.47784775495529175 190 96 206 113
class 0.5465261340141296 185 97 200 116
class 0.6851670742034912 31 106 45 125
class 0.4987155497074127 52 111 66 129
class 0.3452349901199341 45 109 61 128
class 0.5205212235450745 73 122 88 140
class 0.7140499949455261 178 123 196 140
class 0.43812042474746704 132 137 148 153
class 0.6685343384742737 45 150 59 168
class 0.5413026809692383 104 160 121 179
class 0.8049856424331665 0 176 13 195
class 0.3223796784877777 105 170 120 189
class 0.6514043211936951 177 169 196 186
class 0.6904420256614685 193 168 210 188
class 0.37835103273391724 74 193 88 212
class 0.3936930298805237 106 184 120 201
class 0.5643660426139832 145 202 161 220
class 0.5209091901779175 162 202 178 221
class 0.6471684575080872 188 204 200 222
class 0.486068457365036 234 196 249 217
class 0.5001257061958313 271 205 287 223
class 0.6327959895133972 16 224 32 242
class 0.5400017499923706 44 225 57 243
class 0.5106130838394165 116 212 133 233
class 0.5182948112487793 227 222 243 242
class 0.6495852470397949 4 231 14 248
class 0.40470901131629944 15 233 32 250
class 0.589829683303833 22 235 36 251
class 0.5753484964370728 84 228 100 249
class 0.5773299336433411 59 256 75 276
class 0.7044589519500732 228 263 241 281
class 0.6108541488647461 269 270 286 287
class 0.43602895736694336 102 284 117 298
