class 0.7124316692352295 99 0 114 9
class 0.5476367473602295 132 6 148 20
class 0.753314733505249 140 2 154 18
class 0.6341429352760315 65 14 83 33
class 0.626030683517456 226 22 237 37
class 0.550596296787262 87 31 100 49
class 0.6640111804008484 133 32 147 52
class 0.6594684720039368 195 29 210 47
class 0.6870249509811401 5 51 17 72
class 0.5729767084121704 200 66 216 86
class 0.46479395031929016 90 73 107 89
class 0.42777377367019653 130 75 146 93
class 0.5455530285835266 177 82 194 102
class 0.559258222579956 76 107 90 129
class 0.635496199131012 246 106 262 127
class 0.6765385270118713 29 119 44 140
class 0.5793079733848572 101 130 113 146
class 0.5379303097724915 179 129 193 146
class 0.45401671528816223 240 127 257 147
class 0.4342743754386902 245 122 265 143
class 0.5870189070701599 285 128 297 146
class 0.5242705941200256 292 127 299 146
class 0.6689873337745667 46 135 59 155
class 0.629169225692749 100 136 114 155
class 0.6657898426055908 111 138 126 155
class 0.7411609888076782 122 137 138 156
class 0.693602979183197 175 138 190 158
class 0.5919070839881897 259 143 273 161
class 0.7101854085922241 12 177 27 194
class 0.7900915741920471 96 176 110 193
class 0.34872734546661377 105 174 120 191
class 0.3653642237186432 105 190 122 208
class 0.5715134739875793 241 193 256 212
class 0.6646790504455566 27 202 44 222
class 0.45165809988975525 112 202 127 221
class 0.6921215057373047 148 199 165 217
class 0.3134050667285919 242 203 258 220
class 0.53801429271698 247 209 262 227
class 0.47718265652656555 1 225 10 245
class 0.3831256330013275 121 215 134 231
class 0.5700309872627258 4 230 14 249
class 0.7335261702537537 13 238 30 257
class 0.593144416809082 100 263 114 281
class 0.5909537076950073 139 268 155 288
class 0.685039222240448 44 289 59 299
