class 0.5727778673171997 26 3 41 19
class 0.3012341558933258 94 0 110 1
class 0.49334555864334106 95 0 108 5
class 0.5685024857521057 159 0 177 1
class 0.5779848098754883 160 0 173 4
class 0.3989831507205963 161 0 174 1
class 0.3609262704849243 290 0 299 8
class 0.4868130385875702 254 10 273 29
class 0.6707000136375427 256 33 271 54
class 0.43261560797691345 287 31 297 47
class 0.3702899217605591 292 28 299 47
class 0.7044786214828491 14 51 29 68
class 0.7206676006317139 162 44 179 63
class 0.7280765771865845 3 67 19 87
class 0.645176887512207 97 58 113 76
class 0.3701102137565613 194 67 213 83
class 0.6836218237876892 198 58 215 76
class 0.742800235748291 195 74 210 92
class 0.5857122540473938 256 96 272 117
class 0.7775561213493347 288 91 299 109
class 0.6714820265769958 125 124 141 145
class 0.38228467106819153 146 128 160 143
class 0.34307271242141724 139 124 156 144
class 0.46112483739852905 156 124 170 143
class 0.5744143128395081 59 134 75 154
class 0.5550718903541565 214 139 231 160
class 0.5516854524612427 37 154 52 172
class 0.6130619049072266 76 158 88 176
class 0.5486720204353333 163 154 180 172
class 0.6212776303291321 208 153 225 174
class 0.49596714973449707 197 153 220 183
class 0.4756978154182434 131 169 148 185
class 0.7684078812599182 146 171 162 187
class 0.563724160194397 136 172 156 189
class 0.6728870272636414 189 166 207 188
class 0.5020495653152466 68 185 84 203
class 0.5934874415397644 99 207 115 222
class 0.41835522651672363 211 198 228 219
class 0.4204120337963104 54 213 67 233
class 0.5660594701766968 76 221 92 240
class 0.5795448422431946 254 215 270 235
class 0.6079326272010803 212 227 233 250
class 0.3172808289527893 219 233 232 246
class 0.634821891784668 86 257 100 274
class 0.7483230829238892 214 251 230 275
class 0.43251314759254456 269 251 285 267
class 0.49010422825813293 277 254 287 269
class 0.6479672789573669 279 250 295 267
class 0.7034759521484375 28 262 43 283
class 0.6849896907806396 126 262 142 280
class 0.711647629737854 278 261 294 279
class 0.40299609303474426 46 294 62 299
