class 0.809843897819519 5 11 19 28
class 0.6234034895896912 104 9 120 28
class 0.7157816290855408 219 18 237 39
class 0.6232292056083679 226 22 238 36
class 0.6275109052658081 102 34 117 54
class 0.5710428357124329 149 29 165 48
class 0.7229731678962708 45 45 60 66
class 0.7106522917747498 216 39 230 61
class 0.7338737845420837 261 42 279 58
class 0.5736022591590881 130 77 147 95
class 0.8307967185974121 286 81 299 100
class 0.36603131890296936 53 99 69 117
class 0.5233437418937683 211 95 227 114
class 0.6712840795516968 79 114 96 132
class 0.4925173223018646 99 103 113 122
class 0.4711241126060486 93 104 106 120
class 0.555963933467865 235 110 249 126
class 0.492436021566391 102 129 115 147
class 0.3669910728931427 109 131 123 149
class 0.3814893662929535 101 137 114 155
class 0.7430694103240967 114 137 130 155
class 0.4385101795196533 105 137 126 163
class 0.45425957441329956 124 139 136 156
class 0.668927013874054 154 136 170 154
class 0.49845805764198303 14 151 29 170
class 0.7309207916259766 105 156 120 175
class 0.691017746925354 52 170 70 189
class 0.5628294348716736 205 166 225 185
class 0.7208600640296936 236 173 251 191
class 0.3655140697956085 235 179 245 190
class 0.5485818386077881 21 185 38 205
class 0.6290754079818726 28 188 43 209
class 0.7002500295639038 67 191 83 213
class 0.6937486529350281 101 182 116 202
class 0.4773729741573334 232 193 245 210
class 0.7491316199302673 225 207 240 228
class 0.5687822699546814 9 214 26 232
class 0.8409022688865662 3 230 14 247
class 0.6253525614738464 34 233 48 251
class 0.5282729864120483 132 231 149 249
class 0.43939992785453796 152 240 167 260
class 0.437328964471817 193 228 210 248
class 0.6872791051864624 233 235 249 253
class 0.61581951379776 88 256 103 275
class 0.708906352519989 219 246 233 263
class 0.5589960217475891 277 256 294 274
