class 0.6217473745346069 283 1 295 12
class 0.6705215573310852 98 26 112 43
class 0.5302146077156067 120 34 134 51
class 0.5156018733978271 212 36 225 55
class 0.5680181980133057 259 34 272 54
class 0.3039032816886902 235 46 248 64
class 0.6419732570648193 117 65 131 84
class 0.5070476531982422 233 57 248 74
class 0.44016575813293457 242 59 254 76
class 0.6558836102485657 48 82 66 99
class 0.3495621085166931 153 71 167 89
class 0.5117684006690979 203 72 219 94
class 0.3597411513328552 210 76 222 95
class 0.5474823117256165 253 75 268 93
class 0.5921548008918762 81 97 95 117
class 0.5930723547935486 131 103 147 121
class 0.4265402853488922 160 105 175 124
class 0.5357629656791687 226 113 244 131
class 0.6463889479637146 233 109 246 125
class 0.439724862575531 256 112 272 129
class 0.6043670773506165 266 109 282 126
class 0.5784198641777039 273 110 286 127
class 0.31872573494911194 0 122 2 138
class 0.7479204535484314 2 122 8 136
class 0.3457982540130615 14 123 26 136
class 0.5031657814979553 169 121 185 138
class 0.3017660975456238 256 120 273 136
class 0.5800606608390808 281 121 295 137
class 0.7102105021476746 137 139 153 157
class 0.6867124438285828 18 151 31 169
class 0.5488340258598328 138 160 152 178
class 0.664708137512207 192 155 205 172
class 0.6623129844665527 174 184 191 203
class 0.6704763174057007 231 183 245 201
class 0.5493161678314209 153 216 168 236
class 0.5896292924880981 196 214 211 234
class 0.6986503601074219 26 234 40 251
class 0.5384027361869812 70 236 85 255
class 0.7243354916572571 282 232 296 249
class 0.5654696822166443 151 250 165 268
class 0.7321736216545105 214 246 229 264
class 0.6604868173599243 119 262 136 280
class 0.6379154324531555 28 282 44 297
class 0.47509410977363586 157 280 171 295
class 0.7199167013168335 167 282 183 296
class 0.7176380753517151 195 287 212 299
