class 0.8288764357566833 154 4 169 19
class 0.5572481751441956 194 0 209 8
class 0.7002779245376587 256 4 270 21
class 0.6417807936668396 271 1 285 16
class 0.5670280456542969 284 0 294 11
class 0.42359086871147156 149 19 164 37
class 0.37104058265686035 243 9 259 28
class 0.6615449786186218 258 14 273 30
class 0.44169938564300537 22 28 35 44
class 0.3253624439239502 40 30 59 48
class 0.7206554412841797 194 26 209 44
class 0.671718418598175 208 26 225 44
class 0.6179428696632385 286 27 298 40
class 0.6442664861679077 30 46 45 64
class 0.700598418712616 39 42 58 59
class 0.3380410075187683 70 48 84 70
class 0.7066413164138794 123 42 139 60
class 0.3813375234603882 70 63 84 80
class 0.35910433530807495 73 55 90 76
class 0.714536190032959 105 58 118 77
class 0.7825325131416321 288 56 299 75
class 0.714122474193573 60 73 78 93
class 0.6001492142677307 14 99 30 116
class 0.44239190220832825 35 96 54 116
class 0.6111254096031189 51 96 65 117
class 0.7124865055084229 82 91 98 110
class 0.5114548206329346 107 97 121 115
class 0.5923051238059998 275 88 290 106
class 0.6355262994766235 138 111 153 130
class 0.6694963574409485 176 105 190 124
class 0.7159422039985657 170 134 185 154
class 0.6350709199905396 200 143 217 162
class 0.6418238878250122 258 144 274 164
class 0.4567629098892212 56 152 73 170
class 0.8004786968231201 6 177 19 194
class 0.5911253690719604 51 169 66 188
class 0.5755147933959961 136 169 151 186
class 0.6322976350784302 231 185 246 204
class 0.733079195022583 289 194 299 211
class 0.5289210081100464 179 231 196 249
class 0.7289664149284363 278 231 294 249
class 0.7215845584869385 69 245 85 263
class 0.6475849151611328 219 247 233 265
class 0.5369579195976257 7 272 13 290
class 0.6214876174926758 9 271 24 287
class 0.37982356548309326 122 265 137 284
class 0.36580219864845276 130 269 141 284
class 0.6447179317474365 197 263 209 281
class 0.7258501052856445 253 265 268 282
class 0.8103825449943542 1 282 10 299
class 0.6754810214042664 1 286 3 298
class 0.3738405704498291 1 283 1 298
class 0.6204860806465149 128 287 145 299
class 0.3185620903968811 126 293 136 299
