class 0.8607496023178101 37 3 50 16
class 0.3922462463378906 137 0 151 6
class 0.7170991897583008 224 17 238 30
class 0.5681866407394409 265 10 281 26
class 0.6257415413856506 273 35 287 51
class 0.5576356053352356 209 46 224 61
class 0.4070311188697815 203 52 213 65
class 0.32238781452178955 34 65 50 82
class 0.5894325971603394 168 60 185 80
class 0.30814170837402344 202 56 217 76
class 0.49440616369247437 1 73 7 88
class 0.478909969329834 135 72 150 91
class 0.5727788805961609 250 73 266 91
class 0.32022276520729065 283 82 297 99
class 0.36689630150794983 51 95 66 113
class 0.563183605670929 60 96 77 114
class 0.7436047196388245 52 110 67 128
class 0.5986824631690979 282 112 294 130
class 0.5680074095726013 10 121 27 138
class 0.666313648223877 177 128 194 148
class 0.6466001272201538 219 125 231 143
class 0.36453813314437866 264 120 278 137
class 0.5397958159446716 169 137 185 155
class 0.6935252547264099 74 158 90 177
class 0.6426231861114502 107 185 124 204
class 0.7579571008682251 210 188 228 207
class 0.5232256054878235 241 193 257 213
class 0.6311155557632446 22 204 37 223
class 0.3322969377040863 32 205 46 222
class 0.4439621865749359 53 203 69 219
class 0.6132838129997253 164 202 179 217
class 0.7287411093711853 283 198 295 215
class 0.6684814095497131 51 217 67 234
class 0.38439837098121643 98 221 114 238
class 0.41853976249694824 100 237 116 255
class 0.7280281186103821 76 249 92 266
class 0.6927310228347778 136 246 150 264
class 0.4976561367511749 42 262 58 281
class 0.6396069526672363 275 266 289 284
class 0.3070981204509735 137 286 150 297
class 0.7179039120674133 169 281 187 296
class 0.6086804270744324 173 292 186 297
class 0.5030874609947205 182 283 199 296
