class 0.8314400315284729 82 0 99 12
class 0.6680130958557129 123 11 137 30
class 0.5399495363235474 218 18 232 36
class 0.7679951190948486 39 32 52 49
class 0.7062336206436157 135 23 151 44
class 0.4356119632720947 0 49 1 65
class 0.6917086243629456 0 49 5 65
class 0.5917587280273438 181 42 195 59
class 0.549515426158905 287 48 297 65
class 0.4822491407394409 292 49 299 65
class 0.6557866334915161 53 72 68 89
class 0.6525193452835083 218 76 235 94
class 0.3159331977367401 250 73 265 89
class 0.5178126692771912 176 88 193 107
class 0.6219848394393921 210 98 225 116
class 0.6501818299293518 161 114 175 132
class 0.5839371681213379 249 105 263 123
class 0.3511466681957245 153 117 171 137
class 0.6308442950248718 184 134 201 156
class 0.5831005573272705 36 179 51 195
class 0.5525884032249451 181 178 195 196
class 0.6373167634010315 207 172 223 192
class 0.6077182292938232 62 181 79 201
class 0.5576332211494446 79 190 96 212
class 0.6115838289260864 231 193 246 209
class 0.6329156160354614 149 207 163 225
class 0.5678415894508362 248 213 262 232
class 0.8199489712715149 6 240 18 258
class 0.5751128196716309 52 232 69 253
class 0.5521641969680786 103 236 119 252
class 0.4397253096103668 194 229 210 247
class 0.7811920046806335 288 234 299 252
class 0.5403204560279846 106 254 120 273
class 0.5068417191505432 140 247 157 266
class 0.5388470888137817 176 246 192 265
class 0.5992763042449951 32 263 48 281
class 0.6355513334274292 145 266 161 283
class 0.8121095299720764 0 280 10 296
class 0.634090781211853 124 285 141 299
class 0.7181774377822876 270 278 285 296
