class 0.32778099179267883 38 10 53 26
class 0.6035598516464233 144 18 157 35
class 0.45597773790359497 181 20 195 39
class 0.5958245396614075 51 49 64 67
class 0.5516592264175415 176 46 191 65
class 0.529045045375824 231 50 245 66
class 0.6403618454933167 263 58 276 75
class 0.3105044364929199 27 83 43 102
class 0.7352237701416016 218 72 234 92
class 0.807098925113678 3 98 16 115
class 0.574972927570343 129 90 145 108
class 0.4972023665904999 178 87 194 105
class 0.629088819026947 212 92 225 110
class 0.7551538944244385 262 97 277 114
class 0.48371005058288574 294 91 299 107
class 0.49342018365859985 69 105 86 123
class 0.6107853651046753 76 110 92 128
class 0.637101948261261 50 127 67 146
class 0.5861614942550659 73 144 88 165
class 0.6186069846153259 184 135 200 153
class 0.6701262593269348 225 136 239 155
class 0.6911665797233582 249 142 264 161
class 0.7663828134536743 1 162 14 179
class 0.6079981923103333 179 154 196 170
class 0.6639879941940308 78 172 92 192
class 0.5025397539138794 207 178 224 197
class 0.6285791993141174 111 186 125 204
class 0.5975227355957031 69 200 85 219
class 0.5277921557426453 75 205 87 224
class 0.615337073802948 84 210 101 236
class 0.669805109500885 179 232 195 250
class 0.6699550747871399 237 231 253 249
class 0.745792031288147 4 256 17 276
class 0.5184646844863892 107 251 127 270
class 0.6866449117660522 142 252 157 268
class 0.38234397768974304 238 253 256 271
class 0.30080175399780273 88 264 104 282
class 0.6501094698905945 143 271 160 289
class 0.7685708999633789 265 265 279 283
class 0.5272554755210876 210 285 226 298
class 0.3573642373085022 206 294 224 299
class 0.7765284776687622 280 282 294 299
