class 0.8277040719985962 126 2 141 18
class 0.7250263094902039 178 4 191 17
class 0.5113820433616638 185 1 197 11
class 0.7161158323287964 0 19 11 39
class 0.42300763726234436 162 12 180 30
class 0.6444655656814575 218 11 235 28
class 0.810035765171051 285 16 298 35
class 0.7949420213699341 11 34 28 52
class 0.5650678277015686 104 30 120 48
class 0.529751181602478 130 32 149 50
class 0.3509030044078827 165 33 180 53
class 0.5891062617301941 73 44 86 62
class 0.5801233649253845 102 50 117 70
class 0.40457358956336975 129 41 148 62
class 0.5362377762794495 167 41 183 57
class 0.7260304689407349 154 63 169 81
class 0.654194712638855 232 89 247 109
class 0.6464323997497559 2 128 9 147
class 0.4270918667316437 136 118 151 136
class 0.7049689888954163 3 142 12 161
class 0.4082193970680237 9 139 26 156
class 0.6483174562454224 263 140 277 161
class 0.6862654089927673 177 158 194 175
class 0.7130213379859924 282 157 294 174
class 0.32073840498924255 288 156 296 175
class 0.645799994468689 27 173 43 191
class 0.7317150235176086 68 176 84 193
class 0.5997589826583862 22 182 37 202
class 0.7884521484375 131 189 146 208
class 0.6232568025588989 136 189 154 212
class 0.4323703944683075 183 185 198 206
class 0.5968177318572998 247 184 262 203
class 0.4912950098514557 100 208 116 227
class 0.4525003135204315 107 204 121 227
class 0.8051630854606628 143 204 160 223
class 0.5301082730293274 138 208 153 225
class 0.4322064518928528 150 200 168 222
class 0.6784073710441589 183 199 198 219
class 0.3264831602573395 15 223 29 239
class 0.7130809426307678 143 219 158 234
class 0.5412178635597229 186 221 199 240
class 0.564751148223877 286 225 299 240
class 0.6677437424659729 294 225 299 240
class 0.5228049755096436 75 240 88 257
class 0.6012826561927795 148 253 160 270
class 0.6495382785797119 185 252 199 270
class 0.5465884208679199 35 263 49 282
class 0.5117027163505554 120 270 134 288
class 0.5819481611251831 168 268 183 289
class 0.32058295607566833 176 269 188 287
class 0.6454663872718811 13 278 26 295
class 0.6410837173461914 67 283 84 298
