class 0.5516082644462585 2 0 11 9
class 0.7205305695533752 16 4 31 17
class 0.7243005037307739 98 1 114 12
class 0.5558735132217407 108 0 122 8
class 0.5118252038955688 129 0 145 8
class 0.7485285997390747 141 0 157 11
class 0.4471593499183655 192 0 208 7
class 0.6069034934043884 202 0 217 8
class 0.648963212966919 237 3 253 14
class 0.34881705045700073 249 1 267 9
class 0.7430043816566467 289 0 299 11
class 0.5085483193397522 13 10 28 26
class 0.7124145030975342 50 20 67 37
class 0.5284690260887146 68 18 84 38
class 0.5959161520004272 154 11 170 28
class 0.5616556406021118 234 15 249 31
class 0.6982722282409668 215 24 232 44
class 0.42811301350593567 120 52 135 67
class 0.6520451903343201 288 41 299 58
class 0.7758849859237671 0 59 8 76
class 0.5501149296760559 70 74 86 93
class 0.6472967267036438 189 82 207 100
class 0.7135709524154663 101 96 116 115
class 0.8075501918792725 0 105 9 124
class 0.5128992199897766 38 113 52 131
class 0.7643277049064636 51 107 66 126
class 0.6925615072250366 41 108 61 132
class 0.35983070731163025 55 103 73 122
class 0.5571364164352417 202 111 219 131
class 0.7245861291885376 202 123 219 143
class 0.5018993616104126 137 146 150 163
class 0.6592435836791992 27 151 41 170
class 0.38796621561050415 56 161 73 180
class 0.6476067900657654 113 152 129 170
class 0.44384270906448364 178 153 197 169
class 0.41051578521728516 211 151 226 167
class 0.613550066947937 19 186 37 203
class 0.5784836411476135 105 191 119 211
class 0.6164165735244751 209 207 224 225
class 0.6157964468002319 266 208 280 227
class 0.5916170477867126 162 236 177 254
class 0.6903719902038574 262 240 275 256
class 0.7469660043716431 118 246 132 263
class 0.5869984030723572 105 270 120 290
class 0.6075471639633179 294 264 299 281
class 0.6613835692405701 48 281 63 298
class 0.6081344485282898 151 284 167 298
