class 0.42189115285873413 48 4 61 15
class 0.7966017127037048 91 0 105 11
class 0.35590097308158875 226 6 236 14
class 0.690302848815918 13 16 30 36
class 0.6257697343826294 20 19 35 34
class 0.537278950214386 34 16 52 35
class 0.47618505358695984 30 43 47 60
class 0.5459069013595581 212 53 225 68
class 0.594456672668457 1 75 9 95
class 0.7127943634986877 82 96 96 113
class 0.43999671936035156 193 98 206 113
class 0.6482861638069153 0 127 2 141
class 0.8446242213249207 1 125 6 141
class 0.4802122712135315 0 126 1 139
class 0.4962063431739807 17 125 35 140
class 0.6250329613685608 34 127 51 140
class 0.6384783387184143 43 123 64 142
class 0.5135295391082764 82 125 100 139
class 0.6408224105834961 90 121 106 138
class 0.41442057490348816 144 127 159 140
class 0.481988787651062 138 124 158 144
class 0.3091256022453308 161 127 176 140
class 0.3506722152233124 153 124 175 144
class 0.656343400478363 178 127 194 142
class 0.7336534857749939 185 124 202 143
class 0.446503221988678 255 129 270 142
class 0.5881519913673401 292 126 299 143
class 0.40637120604515076 257 138 272 153
class 0.6287283897399902 67 156 80 170
class 0.6232596635818481 147 187 160 202
class 0.600218653678894 153 184 172 206
class 0.3926057517528534 257 194 271 209
class 0.3330281674861908 99 204 111 220
class 0.31027519702911377 91 201 109 223
class 0.36882278323173523 285 234 297 248
class 0.34133511781692505 292 233 299 252
class 0.6604431867599487 145 251 160 269
class 0.6879598498344421 35 270 49 289
class 0.5252970457077026 91 269 103 286
class 0.5377912521362305 175 270 192 289
class 0.3554869294166565 90 280 103 295
class 0.435748815536499 161 284 180 298
class 0.3357379138469696 169 281 183 294
