class 0.37973159551620483 0 1 5 8
class 0.34738415479660034 124 0 136 5
class 0.8491663932800293 233 0 248 16
class 0.6243654489517212 262 14 278 31
class 0.7237666249275208 290 14 299 31
class 0.6107390522956848 73 33 88 49
class 0.6846436858177185 20 47 35 63
class 0.6933507323265076 102 52 114 71
class 0.8192822933197021 279 50 294 65
class 0.5592138171195984 127 56 142 72
class 0.5833222270011902 164 60 180 79
class 0.6298896670341492 104 72 122 92
class 0.67864590883255 113 94 127 114
class 0.4151098430156708 272 89 286 104
class 0.8507972955703735 4 106 17 123
class 0.653075098991394 66 103 81 120
class 0.6202687621116638 254 113 270 134
class 0.8502756953239441 0 124 12 145
class 0.6626341342926025 115 122 130 143
class 0.736990213394165 2 142 13 164
class 0.38848841190338135 114 144 134 164
class 0.7555221915245056 147 139 161 157
class 0.5805588960647583 215 137 229 156
class 0.4278733730316162 34 153 53 172
class 0.6032017469406128 51 152 70 174
class 0.5625554323196411 106 151 124 173
class 0.8273157477378845 37 167 54 189
class 0.6055955290794373 201 182 219 203
class 0.7018787860870361 83 213 100 233
class 0.7499706745147705 163 224 176 242
class 0.5500612258911133 233 214 248 232
class 0.3672131896018982 294 219 299 238
class 0.6011168360710144 0 235 1 252
class 0.7620006203651428 0 235 5 250
class 0.5104784965515137 0 236 1 252
class 0.6610893607139587 40 247 56 265
class 0.35379624366760254 113 249 129 267
class 0.6592408418655396 151 247 167 265
class 0.8349711894989014 285 248 298 269
class 0.5739107728004456 232 271 246 290
class 0.6239820718765259 50 280 63 298
class 0.6571562886238098 126 280 140 295
class 0.6306222081184387 181 285 195 299
