class 0.391221821308136 44 1 58 6
class 0.7207353115081787 44 2 57 13
class 0.37874510884284973 46 2 54 4
class 0.5064219236373901 191 0 208 3
class 0.7859170436859131 192 0 206 7
class 0.5381312966346741 58 10 72 29
class 0.3312409222126007 70 35 84 51
class 0.7320621609687805 81 35 95 50
class 0.4487695097923279 77 39 86 49
class 0.7302918434143066 46 48 59 64
class 0.7137219905853271 202 66 217 84
class 0.5084413290023804 52 77 69 97
class 0.5212990641593933 58 82 73 100
class 0.6787598133087158 99 72 115 89
class 0.662063479423523 163 76 181 93
class 0.4493350088596344 175 77 191 94
class 0.6208346486091614 185 78 199 94
class 0.5737072825431824 45 95 59 115
class 0.5720518827438354 207 109 224 128
class 0.6627904772758484 272 105 288 123
class 0.6778138279914856 32 135 44 152
class 0.6553260087966919 266 144 280 164
class 0.7105939388275146 164 153 178 171
class 0.5992138981819153 234 153 249 171
class 0.5685404539108276 0 171 1 186
class 0.7659984827041626 0 171 4 186
class 0.3460257649421692 0 173 1 185
class 0.7139562368392944 83 173 97 190
class 0.36667168140411377 75 173 92 191
class 0.6232702136039734 89 167 105 189
class 0.5661869645118713 129 172 143 185
class 0.6675668954849243 195 170 210 187
class 0.3596224784851074 268 172 281 186
class 0.4172769784927368 275 173 286 187
class 0.36365216970443726 285 176 298 192
class 0.3405512571334839 293 176 299 194
class 0.42032915353775024 84 185 98 203
class 0.5904638767242432 145 193 159 210
class 0.7460983395576477 282 183 297 201
class 0.617519199848175 25 205 41 223
class 0.6828213334083557 65 207 84 225
class 0.4540046751499176 84 201 99 218
class 0.7072016000747681 133 202 147 222
class 0.718198299407959 140 201 154 220
class 0.4009001851081848 153 201 168 221
class 0.6177265644073486 283 207 296 227
class 0.3453463017940521 291 209 298 227
class 0.5528087019920349 285 217 298 235
class 0.47098514437675476 293 219 299 235
class 0.7890515327453613 0 248 7 264
class 0.639208197593689 117 258 130 275
class 0.6348499655723572 155 262 171 280
class 0.5380642414093018 239 262 257 280
class 0.7776561379432678 264 267 279 285
class 0.43646347522735596 266 273 275 288
class 0.5916543006896973 279 262 293 277
class 0.6800908446311951 80 281 95 298
