class 0.880414605140686 127 2 142 17
class 0.3077928125858307 156 1 170 7
class 0.45915883779525757 242 0 258 6
class 0.6321853399276733 224 27 239 44
class 0.5729526877403259 37 47 51 64
class 0.5539025068283081 76 49 91 68
class 0.544946014881134 228 50 241 67
class 0.32329609990119934 39 57 51 73
class 0.4290286600589752 23 92 38 112
class 0.6065499186515808 35 93 48 112
class 0.6350972056388855 29 96 41 110
class 0.6850544810295105 257 94 274 114
class 0.6687168478965759 130 105 146 123
class 0.5662026405334473 173 111 190 129
class 0.6382908225059509 59 122 77 145
class 0.6074739694595337 9 141 24 161
class 0.5381560325622559 99 151 115 168
class 0.30798429250717163 131 161 147 178
class 0.6520703434944153 178 175 197 194
class 0.6001183390617371 188 174 201 191
class 0.651315450668335 261 167 277 185
class 0.36144986748695374 64 188 81 208
class 0.5480282306671143 58 192 71 207
class 0.6113987565040588 74 183 90 202
class 0.6813293099403381 100 182 116 201
class 0.3411109149456024 179 186 197 206
class 0.35418787598609924 186 183 200 201
class 0.6755784153938293 217 191 231 211
class 0.5515903234481812 133 209 147 227
class 0.6108759641647339 180 203 195 225
class 0.6735327243804932 241 205 256 222
class 0.43951910734176636 231 204 251 227
class 0.6509956121444702 233 214 249 234
class 0.6357198357582092 27 229 42 247
class 0.4098912179470062 101 229 116 247
class 0.32073089480400085 214 239 231 259
class 0.3972543478012085 142 266 158 284
class 0.5677624344825745 206 265 226 284
class 0.7591738104820251 52 283 67 296
class 0.31832340359687805 49 291 59 297
class 0.5545946359634399 56 284 75 298
class 0.352356880903244 60 293 73 299
class 0.6010462045669556 147 283 163 297
class 0.30691492557525635 142 290 159 298
