class 0.7204001545906067 78 0 92 6
class 0.6199698448181152 203 59 216 77
class 0.33929210901260376 222 77 238 100
class 0.6505840420722961 83 94 95 110
class 0.3111214339733124 89 89 108 109
class 0.36748436093330383 194 93 208 110
class 0.48197776079177856 208 94 221 113
class 0.451081782579422 218 87 235 108
class 0.3395150899887085 242 113 255 129
class 0.4265865981578827 29 123 45 143
class 0.36332786083221436 65 130 79 148
class 0.7260813117027283 68 138 83 157
class 0.7090908288955688 114 137 130 158
class 0.3023868203163147 162 140 175 158
class 0.535753071308136 283 144 295 159
class 0.35057926177978516 291 143 298 160
class 0.32328000664711 115 154 130 174
class 0.5589795112609863 131 190 144 207
class 0.5188449025154114 136 186 155 208
class 0.308928906917572 75 201 93 224
class 0.6375737190246582 204 204 219 224
class 0.3873039484024048 190 217 208 240
class 0.42223721742630005 238 221 259 239
class 0.6797736287117004 250 217 262 234
class 0.3954063951969147 251 224 260 237
class 0.5577709674835205 49 232 69 255
class 0.3664954602718353 67 233 84 253
class 0.7707007527351379 76 238 91 253
class 0.528124213218689 111 236 130 255
class 0.37085193395614624 125 237 145 255
class 0.40974339842796326 142 237 162 256
class 0.5520054697990417 159 238 177 256
class 0.44601818919181824 174 237 192 255
class 0.36336222290992737 192 234 209 252
class 0.4216672480106354 207 239 222 256
class 0.37811899185180664 241 232 257 251
class 0.6324220895767212 249 234 264 250
class 0.696889340877533 293 239 299 256
class 0.3677709698677063 209 247 226 265
class 0.3160593509674072 77 288 88 299
class 0.5102779865264893 78 294 93 299
class 0.40593966841697693 176 287 193 299
