class 0.7981353402137756 255 3 270 14
class 0.6448541283607483 287 2 298 15
class 0.519816517829895 289 14 298 32
class 0.37205031514167786 292 32 299 50
class 0.5226262211799622 85 46 100 64
class 0.6209854483604431 98 44 115 60
class 0.5160441398620605 91 49 106 64
class 0.7477025389671326 263 44 276 61
class 0.3717710077762604 286 43 298 58
class 0.3484904170036316 292 41 299 60
class 0.6164941787719727 34 67 50 85
class 0.6523869633674622 70 61 85 79
class 0.5652374029159546 124 68 141 85
class 0.6377529501914978 194 66 211 84
class 0.5842437744140625 174 78 191 95
class 0.4820851981639862 294 98 299 117
class 0.7970495820045471 0 109 7 129
class 0.5653316378593445 293 106 299 126
class 0.45336923003196716 53 123 69 141
class 0.6339923143386841 66 125 81 142
class 0.3352278470993042 73 124 87 146
class 0.5398923754692078 179 127 196 147
class 0.6231608390808105 190 129 206 149
class 0.32125216722488403 257 123 271 140
class 0.3819121718406677 285 125 296 142
class 0.6684186458587646 146 137 164 155
class 0.39748284220695496 230 146 246 164
class 0.6219668984413147 264 134 276 154
class 0.6783786416053772 85 161 100 180
class 0.3775162100791931 292 157 298 176
class 0.3909512758255005 81 167 95 183
class 0.3632640242576599 92 170 108 188
class 0.5185182690620422 249 175 267 198
class 0.3838525712490082 285 171 297 189
class 0.7664272785186768 133 185 147 202
class 0.5971155166625977 209 193 224 210
class 0.38112127780914307 285 187 297 207
class 0.3089931607246399 292 186 299 210
class 0.301305890083313 266 200 283 221
class 0.6537414789199829 282 203 295 221
class 0.42069798707962036 51 217 66 237
class 0.7477425336837769 171 222 184 243
class 0.5429524183273315 268 216 282 234
class 0.42366868257522583 282 215 295 234
class 0.3818840980529785 87 229 99 249
class 0.511580228805542 177 229 189 248
class 0.30187833309173584 214 237 225 256
class 0.6771270036697388 237 236 249 253
class 0.6188077330589294 3 255 8 273
class 0.5089911222457886 38 254 50 270
class 0.6529296636581421 285 257 298 272
class 0.604391872882843 291 255 299 275
class 0.7638354301452637 5 268 11 288
class 0.30643215775489807 11 264 27 282
class 0.3248673677444458 29 267 44 281
class 0.31334811449050903 36 267 49 284
class 0.3192831575870514 44 266 60 283
class 0.3877752125263214 53 265 67 285
class 0.5770315527915955 102 261 115 279
class 0.31363213062286377 157 266 172 281
class 0.5047564506530762 164 265 177 283
class 0.4923439025878906 180 266 194 287
class 0.33641332387924194 224 266 237 284
class 0.5212972164154053 246 265 266 281
class 0.31624355912208557 266 267 282 284
class 0.41955018043518066 0 281 2 296
class 0.7246173620223999 0 281 8 296
class 0.30435407161712646 0 283 1 297
class 0.5326770544052124 27 280 42 296
class 0.3888823688030243 33 282 49 298
class 0.3486712872982025 30 289 44 298
class 0.7109118103981018 58 281 75 297
class 0.34069931507110596 61 290 74 298
class 0.38088446855545044 74 282 89 298
class 0.4056682586669922 90 284 103 299
class 0.31525272130966187 92 292 106 299
class 0.5918257236480713 117 286 132 299
class 0.31334438920021057 122 292 136 299
class 0.6091018319129944 145 280 162 297
class 0.3294938802719116 177 282 196 299
class 0.5418846607208252 191 283 209 298
class 0.49618130922317505 187 291 202 299
class 0.49101221561431885 218 280 233 297
class 0.3685990571975708 247 281 266 296
class 0.6035342216491699 273 285 288 299
class 0.45459410548210144 267 292 283 299
