class 0.7324255108833313 43 9 60 27
class 0.5274636149406433 143 8 158 27
class 0.7257721424102783 199 32 214 51
class 0.6453776359558105 30 44 45 62
class 0.6944434642791748 112 43 127 57
class 0.5559728145599365 177 40 193 57
class 0.642021656036377 214 42 232 63
class 0.7183554172515869 67 73 84 90
class 0.6066159605979919 147 73 162 92
class 0.6249657273292542 235 98 250 118
class 0.557978630065918 285 107 297 124
class 0.4225600063800812 291 108 298 126
class 0.8362827897071838 5 128 14 145
class 0.6692323088645935 85 123 101 143
class 0.7416430711746216 120 120 137 137
class 0.6295177340507507 210 122 228 141
class 0.3037596642971039 218 124 234 142
class 0.6598057746887207 129 143 143 163
class 0.6362476348876953 212 144 226 165
class 0.8582320213317871 0 153 10 174
class 0.4202631413936615 42 154 55 171
class 0.6263632774353027 74 160 89 178
class 0.6623274683952332 268 152 284 170
class 0.5669483542442322 105 168 119 186
class 0.4767166078090668 137 176 152 195
class 0.7251786589622498 187 172 202 191
class 0.5912401676177979 22 184 38 202
class 0.5224058628082275 154 191 170 210
class 0.5879634618759155 184 186 199 203
class 0.6028357148170471 111 201 125 218
class 0.3902345597743988 41 224 55 242
class 0.5595924258232117 64 218 80 235
class 0.629234254360199 207 223 222 242
class 0.652212381362915 109 230 125 249
class 0.5906734466552734 185 237 200 255
class 0.4993332326412201 231 239 245 256
class 0.4674006402492523 231 253 245 272
class 0.7286503314971924 216 264 235 283
class 0.3334304988384247 218 272 230 284
class 0.671076238155365 231 262 248 280
class 0.8191589117050171 1 287 14 299
class 0.6205030083656311 37 289 53 299
class 0.5880200862884521 85 286 105 299
class 0.7387987375259399 180 284 194 298
class 0.3978367745876312 182 280 199 295
