class 0.7834385633468628 258 1 272 15
class 0.821456253528595 0 18 12 37
class 0.5557485222816467 86 21 99 37
class 0.4870948791503906 218 20 233 37
class 0.6660529971122742 282 17 295 33
class 0.3055979013442993 24 37 35 53
class 0.6240847110748291 51 34 66 54
class 0.35160574316978455 9 44 17 60
class 0.7340172529220581 11 40 30 62
class 0.6721239686012268 19 45 34 59
class 0.49597108364105225 12 50 25 66
class 0.6973811984062195 61 41 79 61
class 0.7507562041282654 153 43 170 61
class 0.7324351668357849 287 40 299 60
class 0.5119502544403076 2 64 10 80
class 0.39401939511299133 53 65 66 83
class 0.5988840460777283 114 66 129 82
class 0.5219343304634094 221 63 237 81
class 0.5984477400779724 252 66 271 83
class 0.5983875393867493 122 81 137 99
class 0.6657580733299255 224 73 242 91
class 0.6792649626731873 279 78 294 97
class 0.7518169283866882 164 93 179 113
class 0.7794005870819092 1 114 13 132
class 0.47575804591178894 100 108 115 124
class 0.6035438776016235 131 104 147 123
class 0.6826816201210022 206 111 223 131
class 0.7964298725128174 282 118 299 138
class 0.6279494166374207 216 145 230 163
class 0.6333861351013184 28 157 42 171
class 0.5442131161689758 129 169 145 188
class 0.5998384952545166 206 176 222 194
class 0.6287786364555359 22 187 38 205
class 0.42972680926322937 118 199 132 218
class 0.6548287272453308 122 202 137 222
class 0.5931500792503357 225 203 241 223
class 0.7098975777626038 278 206 294 226
class 0.41488972306251526 139 220 152 239
class 0.6805704832077026 136 254 150 274
class 0.6120031476020813 209 244 229 263
class 0.5274839401245117 260 247 274 265
class 0.5779902935028076 6 264 19 282
class 0.6016725897789001 13 263 27 281
class 0.6816017031669617 18 264 34 281
class 0.639312744140625 126 279 143 296
class 0.4668179750442505 257 289 272 299
class 0.5136507153511047 252 295 270 299
