class 0.7383477687835693 75 3 87 20
class 0.6599351167678833 138 3 152 17
class 0.6118128299713135 194 1 209 10
class 0.4844836890697479 14 13 29 33
class 0.558068573474884 22 14 34 32
class 0.4614262878894806 26 11 41 28
class 0.7687248587608337 45 32 57 46
class 0.658927321434021 68 29 82 47
class 0.7017249464988708 250 25 266 44
class 0.789679765701294 52 48 66 64
class 0.3003726899623871 61 65 76 82
class 0.5401296615600586 69 71 82 90
class 0.6994719505310059 101 74 117 92
class 0.30133166909217834 107 77 123 93
class 0.591600239276886 275 81 287 99
class 0.7498961687088013 170 91 187 109
class 0.360160768032074 186 99 198 114
class 0.49283018708229065 218 91 232 108
class 0.37129825353622437 268 88 281 102
class 0.308172345161438 286 90 298 103
class 0.39910241961479187 293 89 299 103
class 0.7627185583114624 76 110 91 130
class 0.5958027839660645 224 108 241 131
class 0.7419042587280273 239 109 255 131
class 0.5942129492759705 133 131 147 149
class 0.41560500860214233 224 119 240 137
class 0.6988057494163513 263 129 277 146
class 0.584624707698822 254 144 268 162
class 0.48706504702568054 250 150 266 169
class 0.6645041108131409 106 174 122 198
class 0.7645506262779236 263 172 278 190
class 0.6231444478034973 135 191 152 211
class 0.8338887095451355 2 217 12 236
class 0.30964645743370056 14 220 26 236
class 0.5832709670066833 76 219 91 235
class 0.4156275689601898 75 226 85 237
class 0.5179356336593628 195 223 206 240
class 0.5039893388748169 69 229 84 247
class 0.42402300238609314 197 229 207 251
class 0.5209466814994812 98 248 113 265
class 0.6256874203681946 265 254 280 270
class 0.675905168056488 6 264 18 282
class 0.7315390706062317 10 265 24 281
class 0.6716777086257935 68 262 84 282
class 0.5193161964416504 97 268 113 289
class 0.43092232942581177 169 270 183 288
class 0.5845566391944885 216 265 230 280
class 0.5926748514175415 263 267 278 284
class 0.6933939456939697 136 280 151 296
class 0.5378886461257935 163 278 180 296
