class 0.57608562707901 3 0 12 8
class 0.6771937608718872 51 1 64 11
class 0.779715895652771 65 4 80 16
class 0.7700477838516235 256 0 275 11
class 0.7122323513031006 82 19 98 36
class 0.36326053738594055 75 23 89 35
class 0.5815444588661194 158 13 174 31
class 0.7511655688285828 4 51 18 70
class 0.3704463541507721 86 48 99 69
class 0.5216031074523926 117 50 131 66
class 0.35449478030204773 204 45 220 64
class 0.4897802770137787 211 47 225 64
class 0.4538498818874359 217 47 231 65
class 0.42974022030830383 224 50 237 65
class 0.6475627422332764 254 52 272 68
class 0.31384482979774475 265 53 279 67
class 0.3177896738052368 272 53 286 68
class 0.32520824670791626 286 52 296 66
class 0.38768866658210754 292 49 299 67
class 0.5213610529899597 264 61 280 75
class 0.5327135324478149 42 76 59 96
class 0.6301444172859192 263 72 279 92
class 0.39353063702583313 74 94 92 114
class 0.6074836254119873 226 112 241 132
class 0.429779589176178 232 110 249 131
class 0.6678438782691956 5 130 16 149
class 0.6847953796386719 61 118 77 137
class 0.5605444312095642 154 126 170 147
class 0.6130159497261047 178 126 194 144
class 0.5629494190216064 226 123 243 141
class 0.39668044447898865 238 123 255 143
class 0.4031473398208618 232 120 250 139
class 0.6571914553642273 247 121 264 138
class 0.7379481792449951 116 142 132 159
class 0.5100814700126648 184 136 198 154
class 0.5081255435943604 108 156 123 176
class 0.532983660697937 151 154 169 175
class 0.7534053921699524 258 159 273 177
class 0.793984055519104 2 169 13 186
class 0.6168496608734131 114 170 132 187
class 0.5683659315109253 80 209 95 227
class 0.6489527225494385 131 198 146 216
class 0.6532610058784485 276 205 288 224
class 0.5670443773269653 279 202 293 220
class 0.8276421427726746 1 214 15 234
class 0.6048330068588257 61 214 75 231
class 0.5431709885597229 187 238 201 258
class 0.7699159979820251 21 245 38 264
class 0.7872194647789001 113 246 128 263
class 0.420865535736084 277 249 288 264
class 0.6436886787414551 43 269 59 286
class 0.7575032114982605 3 289 13 299
class 0.59560626745224 180 287 195 299
class 0.6677907109260559 281 278 293 295
class 0.41009360551834106 289 280 298 295
