class 0.5015113353729248 203 0 217 5
class 0.884320855140686 268 0 285 11
class 0.5296735167503357 45 13 61 32
class 0.6482086181640625 112 15 127 34
class 0.3875786364078522 173 35 188 51
class 0.3832554221153259 27 53 34 67
class 0.3683101236820221 23 52 45 66
class 0.3650476932525635 45 44 63 62
class 0.31939247250556946 56 45 65 60
class 0.572824239730835 170 41 186 59
class 0.6079183220863342 207 51 221 69
class 0.47952771186828613 248 49 263 64
class 0.3140885829925537 275 52 288 64
class 0.5183636546134949 284 50 298 65
class 0.5839964151382446 292 49 299 64
class 0.328082412481308 21 59 45 77
class 0.674565851688385 57 94 74 114
class 0.6026138067245483 200 94 214 111
class 0.5447980761528015 157 105 172 123
class 0.569267213344574 186 125 200 143
class 0.7132439613342285 13 137 26 152
class 0.7982298135757446 36 141 53 160
class 0.5963276028633118 73 136 89 155
class 0.5917311310768127 272 146 288 163
class 0.5323522686958313 89 161 103 179
class 0.5976728796958923 36 177 49 195
class 0.6467594504356384 162 166 179 185
class 0.6696119904518127 14 188 30 205
class 0.5930189490318298 233 183 248 202
class 0.835310161113739 1 203 12 221
class 0.3419942855834961 13 198 28 216
class 0.7094019651412964 163 206 180 226
class 0.6287366151809692 177 213 191 232
class 0.552740216255188 42 235 58 254
class 0.7368543744087219 83 236 95 253
class 0.3475171625614166 78 242 86 253
class 0.550235390663147 206 231 221 249
class 0.7448543310165405 75 247 90 265
class 0.7281181812286377 197 247 214 266
class 0.6840368509292603 128 263 144 282
class 0.6264641284942627 127 288 143 299
class 0.6581202149391174 193 280 209 294
