class 0.5817626118659973 133 1 147 14
class 0.8230932950973511 138 3 152 16
class 0.7471709251403809 93 16 111 35
class 0.6190808415412903 211 11 228 28
class 0.5756841897964478 136 26 152 42
class 0.5941790342330933 34 43 48 61
class 0.44024157524108887 65 52 80 71
class 0.6649013757705688 143 49 159 68
class 0.3290492594242096 59 56 75 72
class 0.3058440089225769 138 55 155 75
class 0.6815662384033203 159 65 174 84
class 0.6961694955825806 22 83 38 101
class 0.42756038904190063 42 82 59 103
class 0.5570099949836731 100 81 116 101
class 0.7808794975280762 210 80 225 99
class 0.7655332088470459 68 97 85 116
class 0.7624924778938293 184 91 202 111
class 0.3441973328590393 29 111 42 130
class 0.6743462085723877 105 105 120 124
class 0.44405174255371094 29 122 42 140
class 0.42940521240234375 145 129 160 147
class 0.8057793974876404 285 130 299 149
class 0.5270512104034424 4 144 14 164
class 0.4210180938243866 99 137 115 152
class 0.4572819769382477 107 135 123 153
class 0.35633739829063416 128 135 145 152
class 0.7816039323806763 5 154 19 171
class 0.5426346063613892 194 157 212 178
class 0.683153510093689 7 173 19 191
class 0.7060272097587585 283 177 297 196
class 0.6163280606269836 164 185 179 205
class 0.7632362246513367 0 210 10 227
class 0.36621007323265076 240 219 253 242
class 0.5486261248588562 108 235 124 254
class 0.6703970432281494 231 247 246 265
class 0.6581099033355713 43 267 59 284
class 0.46626490354537964 119 271 131 289
class 0.6398534774780273 122 264 135 284
class 0.6328970789909363 78 279 94 297
class 0.39111223816871643 110 293 126 299
class 0.4219908118247986 121 282 135 297
