class 0.4998866617679596 12 0 23 7
class 0.8499166965484619 44 1 59 18
class 0.6232582926750183 80 2 94 14
class 0.6780560612678528 131 0 146 8
class 0.47064244747161865 137 2 151 10
class 0.6848837733268738 243 3 258 15
class 0.7180601358413696 267 1 287 11
class 0.572664201259613 183 18 204 37
class 0.7508330941200256 288 13 299 29
class 0.44220834970474243 58 36 74 52
class 0.5821921825408936 88 24 104 41
class 0.6343791484832764 226 31 241 51
class 0.7695849537849426 265 29 278 47
class 0.48660945892333984 270 32 284 48
class 0.3672371208667755 283 30 295 45
class 0.5420474410057068 42 40 59 57
class 0.5540850162506104 137 41 151 58
class 0.7073425650596619 200 41 213 62
class 0.5930677652359009 268 43 280 61
class 0.6047813892364502 273 45 287 61
class 0.6120144128799438 279 42 293 59
class 0.694891631603241 7 65 20 83
class 0.6637696623802185 192 64 210 84
class 0.6804931163787842 240 67 256 85
class 0.6588773131370544 160 82 178 102
class 0.4369691014289856 15 97 29 117
class 0.5252655744552612 84 94 99 112
class 0.45273905992507935 3 109 15 132
class 0.6691945195198059 19 111 38 131
class 0.35796165466308594 12 110 27 135
class 0.46501457691192627 116 113 132 134
class 0.3398817479610443 35 127 51 144
class 0.6767810583114624 42 134 56 155
class 0.4513806700706482 77 142 90 162
class 0.6961958408355713 112 138 128 156
class 0.6801128387451172 168 136 185 154
class 0.670372486114502 261 143 277 165
class 0.3738521635532379 82 159 96 177
class 0.4550480246543884 231 161 245 178
class 0.6818373799324036 79 168 90 188
class 0.6535062193870544 33 191 51 210
class 0.42863768339157104 43 190 55 205
class 0.5153821706771851 208 189 224 209
class 0.7320347428321838 27 211 42 224
class 0.6600096225738525 83 205 97 224
class 0.6435325741767883 91 205 107 222
class 0.6262590885162354 163 204 177 224
class 0.39055025577545166 1 215 5 229
class 0.657035231590271 227 225 243 243
class 0.6913717985153198 160 230 176 249
class 0.6019275188446045 71 253 84 273
class 0.5936915278434753 23 262 38 280
class 0.3599630892276764 84 267 96 286
class 0.6703689098358154 53 280 68 296
class 0.30076995491981506 48 291 64 298
class 0.3411322832107544 80 283 97 298
