class 0.8619294166564941 35 3 49 20
class 0.4209548234939575 113 2 127 11
class 0.8249997496604919 195 1 208 16
class 0.59835284948349 201 0 214 13
class 0.7252350449562073 250 0 266 7
class 0.8238146901130676 271 0 288 9
class 0.614175021648407 119 13 136 32
class 0.3481271266937256 54 37 68 54
class 0.587074339389801 148 42 164 57
class 0.6895388960838318 134 66 148 85
class 0.5105774998664856 228 66 242 83
class 0.40480637550354004 229 61 246 77
class 0.3267967700958252 262 67 276 82
class 0.6320882439613342 72 81 89 101
class 0.5287464261054993 199 78 215 98
class 0.3966198265552521 6 94 15 111
class 0.533843457698822 15 94 31 113
class 0.626765251159668 160 95 177 118
class 0.4191315472126007 11 103 27 120
class 0.6375853419303894 113 107 129 126
class 0.4355822205543518 163 106 179 123
class 0.32376402616500854 167 111 183 129
class 0.5425297617912292 227 103 243 122
class 0.5712624192237854 216 128 230 147
class 0.700799822807312 15 142 29 159
class 0.31705307960510254 26 143 43 162
class 0.5832180380821228 122 140 137 157
class 0.5577602386474609 144 135 159 153
class 0.5334191918373108 247 140 262 157
class 0.5635315775871277 11 172 23 191
class 0.6095380783081055 231 167 245 187
class 0.6407129168510437 146 191 163 211
class 0.780265748500824 2 200 15 215
class 0.6597245335578918 20 198 37 217
class 0.45551416277885437 97 208 112 229
class 0.5722847580909729 97 220 111 238
class 0.3868076205253601 92 223 105 236
class 0.3321245610713959 146 219 165 238
class 0.4537212550640106 226 221 242 240
class 0.566628098487854 44 231 61 250
class 0.32530519366264343 153 234 167 248
class 0.6268395185470581 265 229 280 248
class 0.5720589756965637 244 254 258 272
class 0.43257659673690796 102 270 116 288
class 0.5054108500480652 168 271 181 287
class 0.6429528594017029 19 280 31 299
class 0.6809676885604858 202 277 217 295
class 0.7290710806846619 282 282 297 299
