class 0.3103233575820923 1 0 8 5
class 0.777249813079834 193 1 206 12
class 0.8100361227989197 249 3 266 21
class 0.47253116965293884 55 18 73 37
class 0.6483791470527649 132 35 146 55
class 0.578607439994812 215 32 230 46
class 0.7183424830436707 150 44 161 64
class 0.4494195878505707 200 43 212 61
class 0.5778260231018066 252 41 269 57
class 0.5202786922454834 53 58 71 76
class 0.6936683058738708 98 67 114 85
class 0.5003238916397095 120 55 135 76
class 0.4572999179363251 216 61 230 79
class 0.6864253878593445 53 79 68 100
class 0.43793046474456787 117 79 132 97
class 0.6375621557235718 285 82 298 98
class 0.5176402926445007 292 83 299 98
class 0.7332059741020203 37 98 51 116
class 0.7272347807884216 140 95 154 114
class 0.5121924877166748 184 108 198 129
class 0.5622011423110962 251 112 272 131
class 0.626652181148529 266 113 284 132
class 0.6472348570823669 282 135 296 152
class 0.6448097825050354 219 152 233 171
class 0.5381988286972046 90 182 106 199
class 0.7933337688446045 286 190 299 208
class 0.4122919738292694 65 205 82 223
class 0.5187613368034363 121 208 136 229
class 0.5609006285667419 171 204 186 222
class 0.5043563842773438 67 212 83 231
class 0.608383059501648 272 224 287 244
class 0.6718610525131226 283 223 296 238
class 0.7849794030189514 131 238 147 256
class 0.47014522552490234 265 229 278 245
class 0.7178170680999756 76 245 93 264
class 0.6482526659965515 164 255 179 274
class 0.6689019799232483 12 279 26 296
class 0.6063252091407776 17 282 32 296
class 0.6888152956962585 45 279 60 295
class 0.5758164525032043 115 288 130 299
class 0.3275189697742462 112 294 128 299
class 0.6194736957550049 172 282 190 298
class 0.6318941712379456 209 287 225 299
