class 0.4187590181827545 22 0 36 4
class 0.30867740511894226 27 0 42 6
class 0.40840795636177063 53 4 68 15
class 0.6593841910362244 58 3 72 21
class 0.8455644249916077 115 2 131 20
class 0.7169824838638306 205 12 222 29
class 0.6597524881362915 288 19 299 39
class 0.42441001534461975 85 30 101 52
class 0.7131394743919373 96 28 114 48
class 0.6428775191307068 20 45 37 62
class 0.5594011545181274 43 49 58 70
class 0.5968550443649292 86 44 101 63
class 0.611863374710083 152 41 167 58
class 0.7071545124053955 211 45 227 63
class 0.49416106939315796 257 50 276 71
class 0.5059235692024231 289 51 299 68
class 0.6253270506858826 187 78 206 97
class 0.38536983728408813 42 86 56 106
class 0.6748371124267578 211 104 227 122
class 0.5692430138587952 26 140 42 161
class 0.5814439058303833 58 143 72 161
class 0.6392974257469177 85 141 101 159
class 0.59531170129776 108 137 124 155
class 0.5454682111740112 152 137 167 155
class 0.31865549087524414 266 158 278 176
class 0.3937332332134247 271 160 283 175
class 0.3333483040332794 254 168 269 187
class 0.6434863209724426 22 183 39 202
class 0.4556969404220581 83 193 101 213
class 0.8123160004615784 0 207 10 225
class 0.5929672122001648 81 205 98 223
class 0.4720480144023895 163 209 179 226
class 0.5125888586044312 184 207 200 228
class 0.6941733360290527 263 199 275 218
class 0.40784263610839844 154 228 164 239
class 0.6274744868278503 4 236 15 250
class 0.5673859119415283 27 240 42 256
class 0.33444738388061523 116 235 130 247
class 0.6032947897911072 124 235 141 249
class 0.39341995120048523 146 234 160 249
class 0.7294989824295044 241 234 254 252
class 0.4657558798789978 295 236 299 252
class 0.666583776473999 10 252 26 274
class 0.31168755888938904 18 252 32 272
class 0.6251437664031982 253 255 271 272
class 0.4174967110157013 123 264 140 280
class 0.48516520857810974 132 267 143 281
class 0.6473988890647888 78 284 95 299
class 0.6494871377944946 130 282 147 297
class 0.6427204608917236 173 285 192 299
class 0.5945528745651245 209 287 225 299
class 0.7067131996154785 255 278 271 296
