class 0.7118686437606812 18 6 31 22
class 0.5692827701568604 27 3 41 18
class 0.7482861280441284 80 5 94 23
class 0.7383499145507812 264 0 281 8
class 0.35795560479164124 1 20 12 35
class 0.549289345741272 115 35 128 54
class 0.34781771898269653 141 35 157 52
class 0.6199730634689331 225 29 240 47
class 0.42416834831237793 236 33 252 50
class 0.4184383153915405 286 33 297 48
class 0.4025939106941223 290 32 299 50
class 0.6866040825843811 53 49 68 70
class 0.5153460502624512 76 48 91 67
class 0.4519401490688324 83 49 95 67
class 0.6173995137214661 163 51 179 68
class 0.631227433681488 198 44 214 63
class 0.5310790538787842 236 44 254 61
class 0.6014302372932434 279 50 296 67
class 0.6343736052513123 26 63 40 83
class 0.37604284286499023 73 59 88 82
class 0.4319320321083069 131 66 148 83
class 0.38186904788017273 138 61 154 82
class 0.3502289354801178 147 63 161 82
class 0.5915138125419617 187 66 201 84
class 0.673858642578125 106 74 124 92
class 0.42952415347099304 127 71 145 89
class 0.5814557075500488 146 73 163 92
class 0.6563267111778259 100 95 115 113
class 0.6750841736793518 266 95 280 115
class 0.7786747217178345 2 114 17 135
class 0.5656617879867554 285 111 297 130
class 0.4543912708759308 278 108 299 135
class 0.4995979368686676 161 125 178 144
class 0.3394380807876587 178 128 194 145
class 0.6032589673995972 185 121 200 141
class 0.7367486357688904 210 124 227 144
class 0.3435112535953522 140 134 158 154
class 0.5967153906822205 161 143 178 164
class 0.6950232982635498 222 142 237 162
class 0.774930477142334 2 173 16 191
class 0.7639157772064209 253 172 266 189
class 0.3211280107498169 248 168 262 194
class 0.4884955883026123 266 172 275 188
class 0.4908275604248047 45 190 60 211
class 0.7479152679443359 1 209 10 228
class 0.6405407190322876 83 207 100 226
class 0.399932324886322 231 208 246 228
class 0.5469139814376831 265 207 276 225
class 0.30244022607803345 211 236 224 257
class 0.7942788004875183 284 241 298 258
class 0.5546953678131104 36 245 52 263
class 0.4758048951625824 164 254 178 271
class 0.4560449719429016 175 249 190 266
class 0.500173807144165 163 266 178 287
class 0.6147069931030273 64 288 80 299
class 0.3672087788581848 62 293 76 299
class 0.6714908480644226 163 282 178 297
